c
c starts with comments 
c
p cnf 200 700
10 0
20 0
10 20 0
90 0
100 0
90 100 0
1 0
11 0
-1 11 0
21 0
31 0
19 31 0
12 0
22 0
8 22 0
32 0
42 0
28 42 0
23 0
33 0
17 33 0
43 0
53 0
37 53 0
34 0
44 0
26 44 0
54 0
64 0
46 64 0
45 0
55 0
35 55 0
65 0
75 0
55 75 0
56 0
66 0
44 66 0
76 0
86 0
64 86 0
67 0
77 0
53 77 0
87 0
97 0
73 97 0
78 0
88 0
62 88 0
98 0
108 0
82 108 0
9 0
19 0
-9 19 0
89 0
99 0
71 99 0
10 1 0
10 11 0
20 1 0
20 11 0
90 9 0
90 19 0
100 9 0
100 19 0
-1 10 0
-1 20 0
9 10 0
9 20 0
19 12 0
19 22 0
29 12 0
29 22 0
8 21 0
8 31 0
18 21 0
18 31 0
28 23 0
28 33 0
38 23 0
38 33 0
17 32 0
17 42 0
27 32 0
27 42 0
37 34 0
37 44 0
47 34 0
47 44 0
26 43 0
26 53 0
36 43 0
36 53 0
46 45 0
46 55 0
56 45 0
56 55 0
35 54 0
35 64 0
45 54 0
45 64 0
55 56 0
55 66 0
65 56 0
65 66 0
44 65 0
44 75 0
54 65 0
54 75 0
64 67 0
64 77 0
74 67 0
74 77 0
53 76 0
53 86 0
63 76 0
63 86 0
73 78 0
73 88 0
83 78 0
83 88 0
62 87 0
62 97 0
72 87 0
72 97 0
82 89 0
82 99 0
92 89 0
92 99 0
-9 90 0
-9 100 0
1 90 0
1 100 0
71 98 0
71 108 0
81 98 0
81 108 0
