c
c starts with comments 
c
p cnf 3200 11200
760 0
800 0
760 800 0
721 0
761 0
719 761 0
682 0
722 0
678 722 0
842 0
882 0
838 882 0
643 0
683 0
637 683 0
883 0
923 0
877 923 0
604 0
644 0
596 644 0
924 0
964 0
916 964 0
565 0
605 0
555 605 0
965 0
1005 0
955 1005 0
526 0
566 0
514 566 0
1006 0
1046 0
994 1046 0
487 0
527 0
473 527 0
1047 0
1087 0
1033 1087 0
448 0
488 0
432 488 0
1088 0
1128 0
1072 1128 0
409 0
449 0
391 449 0
1129 0
1169 0
1111 1169 0
370 0
410 0
350 410 0
1170 0
1210 0
1150 1210 0
331 0
371 0
309 371 0
1211 0
1251 0
1189 1251 0
292 0
332 0
268 332 0
1252 0
1292 0
1228 1292 0
253 0
293 0
227 293 0
1293 0
1333 0
1267 1333 0
214 0
254 0
186 254 0
1334 0
1374 0
1306 1374 0
175 0
215 0
145 215 0
1375 0
1415 0
1345 1415 0
136 0
176 0
104 176 0
1416 0
1456 0
1384 1456 0
97 0
137 0
63 137 0
1457 0
1497 0
1423 1497 0
58 0
98 0
22 98 0
1498 0
1538 0
1462 1538 0
19 0
59 0
-19 59 0
1539 0
1579 0
1501 1579 0
860 0
900 0
820 900 0
1580 0
1620 0
1540 1620 0
101 0
141 0
59 141 0
821 0
861 0
779 861 0
901 0
941 0
859 941 0
142 0
182 0
98 182 0
862 0
902 0
818 902 0
942 0
982 0
898 982 0
183 0
223 0
137 223 0
903 0
943 0
857 943 0
983 0
1023 0
937 1023 0
224 0
264 0
176 264 0
944 0
984 0
896 984 0
1024 0
1064 0
976 1064 0
265 0
305 0
215 305 0
985 0
1025 0
935 1025 0
1065 0
1105 0
1015 1105 0
306 0
346 0
254 346 0
1026 0
1066 0
974 1066 0
1106 0
1146 0
1054 1146 0
347 0
387 0
293 387 0
1067 0
1107 0
1013 1107 0
1147 0
1187 0
1093 1187 0
388 0
428 0
332 428 0
1108 0
1148 0
1052 1148 0
1188 0
1228 0
1132 1228 0
429 0
469 0
371 469 0
1149 0
1189 0
1091 1189 0
1229 0
1269 0
1171 1269 0
470 0
510 0
410 510 0
1190 0
1230 0
1130 1230 0
1270 0
1310 0
1210 1310 0
511 0
551 0
449 551 0
1231 0
1271 0
1169 1271 0
1311 0
1351 0
1249 1351 0
552 0
592 0
488 592 0
1272 0
1312 0
1208 1312 0
1352 0
1392 0
1288 1392 0
593 0
633 0
527 633 0
1313 0
1353 0
1247 1353 0
1393 0
1433 0
1327 1433 0
634 0
674 0
566 674 0
1354 0
1394 0
1286 1394 0
1434 0
1474 0
1366 1474 0
675 0
715 0
605 715 0
1395 0
1435 0
1325 1435 0
1475 0
1515 0
1405 1515 0
716 0
756 0
644 756 0
1436 0
1476 0
1364 1476 0
1516 0
1556 0
1444 1556 0
757 0
797 0
683 797 0
1477 0
1517 0
1403 1517 0
1557 0
1597 0
1483 1597 0
798 0
838 0
722 838 0
1518 0
1558 0
1442 1558 0
1598 0
1638 0
1522 1638 0
839 0
879 0
761 879 0
1559 0
1599 0
1481 1599 0
760 19 0
760 59 0
800 19 0
800 59 0
719 58 0
719 98 0
759 58 0
759 98 0
678 97 0
678 137 0
718 97 0
718 137 0
838 101 0
838 141 0
878 101 0
878 141 0
637 136 0
637 176 0
677 136 0
677 176 0
877 142 0
877 182 0
917 142 0
917 182 0
596 175 0
596 215 0
636 175 0
636 215 0
916 183 0
916 223 0
956 183 0
956 223 0
555 214 0
555 254 0
595 214 0
595 254 0
955 224 0
955 264 0
995 224 0
995 264 0
514 253 0
514 293 0
554 253 0
554 293 0
994 265 0
994 305 0
1034 265 0
1034 305 0
473 292 0
473 332 0
513 292 0
513 332 0
1033 306 0
1033 346 0
1073 306 0
1073 346 0
432 331 0
432 371 0
472 331 0
472 371 0
1072 347 0
1072 387 0
1112 347 0
1112 387 0
391 370 0
391 410 0
431 370 0
431 410 0
1111 388 0
1111 428 0
1151 388 0
1151 428 0
350 409 0
350 449 0
390 409 0
390 449 0
1150 429 0
1150 469 0
1190 429 0
1190 469 0
309 448 0
309 488 0
349 448 0
349 488 0
1189 470 0
1189 510 0
1229 470 0
1229 510 0
268 487 0
268 527 0
308 487 0
308 527 0
1228 511 0
1228 551 0
1268 511 0
1268 551 0
227 526 0
227 566 0
267 526 0
267 566 0
1267 552 0
1267 592 0
1307 552 0
1307 592 0
186 565 0
186 605 0
226 565 0
226 605 0
1306 593 0
1306 633 0
1346 593 0
1346 633 0
145 604 0
145 644 0
185 604 0
185 644 0
1345 634 0
1345 674 0
1385 634 0
1385 674 0
104 643 0
104 683 0
144 643 0
144 683 0
1384 675 0
1384 715 0
1424 675 0
1424 715 0
63 682 0
63 722 0
103 682 0
103 722 0
1423 716 0
1423 756 0
1463 716 0
1463 756 0
22 721 0
22 761 0
62 721 0
62 761 0
1462 757 0
1462 797 0
1502 757 0
1502 797 0
-19 760 0
-19 800 0
21 760 0
21 800 0
1501 798 0
1501 838 0
1541 798 0
1541 838 0
820 821 0
820 861 0
860 821 0
860 861 0
1540 839 0
1540 879 0
1580 839 0
1580 879 0
59 842 0
59 882 0
99 842 0
99 882 0
779 860 0
779 900 0
819 860 0
819 900 0
859 862 0
859 902 0
899 862 0
899 902 0
98 883 0
98 923 0
138 883 0
138 923 0
818 901 0
818 941 0
858 901 0
858 941 0
898 903 0
898 943 0
938 903 0
938 943 0
137 924 0
137 964 0
177 924 0
177 964 0
857 942 0
857 982 0
897 942 0
897 982 0
937 944 0
937 984 0
977 944 0
977 984 0
176 965 0
176 1005 0
216 965 0
216 1005 0
896 983 0
896 1023 0
936 983 0
936 1023 0
976 985 0
976 1025 0
1016 985 0
1016 1025 0
215 1006 0
215 1046 0
255 1006 0
255 1046 0
935 1024 0
935 1064 0
975 1024 0
975 1064 0
1015 1026 0
1015 1066 0
1055 1026 0
1055 1066 0
254 1047 0
254 1087 0
294 1047 0
294 1087 0
974 1065 0
974 1105 0
1014 1065 0
1014 1105 0
1054 1067 0
1054 1107 0
1094 1067 0
1094 1107 0
293 1088 0
293 1128 0
333 1088 0
333 1128 0
1013 1106 0
1013 1146 0
1053 1106 0
1053 1146 0
1093 1108 0
1093 1148 0
1133 1108 0
1133 1148 0
332 1129 0
332 1169 0
372 1129 0
372 1169 0
1052 1147 0
1052 1187 0
1092 1147 0
1092 1187 0
1132 1149 0
1132 1189 0
1172 1149 0
1172 1189 0
371 1170 0
371 1210 0
411 1170 0
411 1210 0
1091 1188 0
1091 1228 0
1131 1188 0
1131 1228 0
1171 1190 0
1171 1230 0
1211 1190 0
1211 1230 0
410 1211 0
410 1251 0
450 1211 0
450 1251 0
1130 1229 0
1130 1269 0
1170 1229 0
1170 1269 0
1210 1231 0
1210 1271 0
1250 1231 0
1250 1271 0
449 1252 0
449 1292 0
489 1252 0
489 1292 0
1169 1270 0
1169 1310 0
1209 1270 0
1209 1310 0
1249 1272 0
1249 1312 0
1289 1272 0
1289 1312 0
488 1293 0
488 1333 0
528 1293 0
528 1333 0
1208 1311 0
1208 1351 0
1248 1311 0
1248 1351 0
1288 1313 0
1288 1353 0
1328 1313 0
1328 1353 0
527 1334 0
527 1374 0
567 1334 0
567 1374 0
1247 1352 0
1247 1392 0
1287 1352 0
1287 1392 0
1327 1354 0
1327 1394 0
1367 1354 0
1367 1394 0
566 1375 0
566 1415 0
606 1375 0
606 1415 0
1286 1393 0
1286 1433 0
1326 1393 0
1326 1433 0
1366 1395 0
1366 1435 0
1406 1395 0
1406 1435 0
605 1416 0
605 1456 0
645 1416 0
645 1456 0
1325 1434 0
1325 1474 0
1365 1434 0
1365 1474 0
1405 1436 0
1405 1476 0
1445 1436 0
1445 1476 0
644 1457 0
644 1497 0
684 1457 0
684 1497 0
1364 1475 0
1364 1515 0
1404 1475 0
1404 1515 0
1444 1477 0
1444 1517 0
1484 1477 0
1484 1517 0
683 1498 0
683 1538 0
723 1498 0
723 1538 0
1403 1516 0
1403 1556 0
1443 1516 0
1443 1556 0
1483 1518 0
1483 1558 0
1523 1518 0
1523 1558 0
722 1539 0
722 1579 0
762 1539 0
762 1579 0
1442 1557 0
1442 1597 0
1482 1557 0
1482 1597 0
1522 1559 0
1522 1599 0
1562 1559 0
1562 1599 0
761 1580 0
761 1620 0
801 1580 0
801 1620 0
1481 1598 0
1481 1638 0
1521 1598 0
1521 1638 0
