c
c starts with comments 
c
p cnf 800 2800
20 0
40 0
20 40 0
180 0
200 0
180 200 0
1 0
21 0
-1 21 0
41 0
61 0
39 61 0
22 0
42 0
18 42 0
62 0
82 0
58 82 0
222 0
242 0
218 242 0
43 0
63 0
37 63 0
83 0
103 0
77 103 0
243 0
263 0
237 263 0
64 0
84 0
56 84 0
104 0
124 0
96 124 0
264 0
284 0
256 284 0
85 0
105 0
75 105 0
125 0
145 0
115 145 0
285 0
305 0
275 305 0
106 0
126 0
94 126 0
146 0
166 0
134 166 0
306 0
326 0
294 326 0
127 0
147 0
113 147 0
167 0
187 0
153 187 0
327 0
347 0
313 347 0
148 0
168 0
132 168 0
188 0
208 0
172 208 0
348 0
368 0
332 368 0
9 0
29 0
-9 29 0
169 0
189 0
151 189 0
369 0
389 0
351 389 0
230 0
250 0
210 250 0
390 0
410 0
370 410 0
51 0
71 0
29 71 0
211 0
231 0
189 231 0
251 0
271 0
229 271 0
72 0
92 0
48 92 0
232 0
252 0
208 252 0
272 0
292 0
248 292 0
93 0
113 0
67 113 0
253 0
273 0
227 273 0
293 0
313 0
267 313 0
114 0
134 0
86 134 0
274 0
294 0
246 294 0
314 0
334 0
286 334 0
135 0
155 0
105 155 0
295 0
315 0
265 315 0
335 0
355 0
305 355 0
156 0
176 0
124 176 0
316 0
336 0
284 336 0
356 0
376 0
324 376 0
177 0
197 0
143 197 0
337 0
357 0
303 357 0
377 0
397 0
343 397 0
198 0
218 0
162 218 0
358 0
378 0
322 378 0
398 0
418 0
362 418 0
219 0
239 0
181 239 0
379 0
399 0
341 399 0
20 1 0
20 21 0
40 1 0
40 21 0
180 9 0
180 29 0
200 9 0
200 29 0
-1 20 0
-1 40 0
19 20 0
19 40 0
39 22 0
39 42 0
59 22 0
59 42 0
18 41 0
18 61 0
38 41 0
38 61 0
58 43 0
58 63 0
78 43 0
78 63 0
218 51 0
218 71 0
238 51 0
238 71 0
37 62 0
37 82 0
57 62 0
57 82 0
77 64 0
77 84 0
97 64 0
97 84 0
237 72 0
237 92 0
257 72 0
257 92 0
56 83 0
56 103 0
76 83 0
76 103 0
96 85 0
96 105 0
116 85 0
116 105 0
256 93 0
256 113 0
276 93 0
276 113 0
75 104 0
75 124 0
95 104 0
95 124 0
115 106 0
115 126 0
135 106 0
135 126 0
275 114 0
275 134 0
295 114 0
295 134 0
94 125 0
94 145 0
114 125 0
114 145 0
134 127 0
134 147 0
154 127 0
154 147 0
294 135 0
294 155 0
314 135 0
314 155 0
113 146 0
113 166 0
133 146 0
133 166 0
153 148 0
153 168 0
173 148 0
173 168 0
313 156 0
313 176 0
333 156 0
333 176 0
132 167 0
132 187 0
152 167 0
152 187 0
172 169 0
172 189 0
192 169 0
192 189 0
332 177 0
332 197 0
352 177 0
352 197 0
-9 180 0
-9 200 0
11 180 0
11 200 0
151 188 0
151 208 0
171 188 0
171 208 0
351 198 0
351 218 0
371 198 0
371 218 0
210 211 0
210 231 0
230 211 0
230 231 0
370 219 0
370 239 0
390 219 0
390 239 0
29 222 0
29 242 0
49 222 0
49 242 0
189 230 0
189 250 0
209 230 0
209 250 0
229 232 0
229 252 0
249 232 0
249 252 0
48 243 0
48 263 0
68 243 0
68 263 0
208 251 0
208 271 0
228 251 0
228 271 0
248 253 0
248 273 0
268 253 0
268 273 0
67 264 0
67 284 0
87 264 0
87 284 0
227 272 0
227 292 0
247 272 0
247 292 0
267 274 0
267 294 0
287 274 0
287 294 0
86 285 0
86 305 0
106 285 0
106 305 0
246 293 0
246 313 0
266 293 0
266 313 0
286 295 0
286 315 0
306 295 0
306 315 0
105 306 0
105 326 0
125 306 0
125 326 0
265 314 0
265 334 0
285 314 0
285 334 0
305 316 0
305 336 0
325 316 0
325 336 0
124 327 0
124 347 0
144 327 0
144 347 0
284 335 0
284 355 0
304 335 0
304 355 0
324 337 0
324 357 0
344 337 0
344 357 0
143 348 0
143 368 0
163 348 0
163 368 0
303 356 0
303 376 0
323 356 0
323 376 0
343 358 0
343 378 0
363 358 0
363 378 0
162 369 0
162 389 0
182 369 0
182 389 0
322 377 0
322 397 0
342 377 0
342 397 0
362 379 0
362 399 0
382 379 0
382 399 0
181 390 0
181 410 0
201 390 0
201 410 0
341 398 0
341 418 0
361 398 0
361 418 0
