c
c starts with comments 
c
p cnf 1152 4032
24 0
48 0
24 48 0
72 0
96 0
72 96 0
96 0
120 0
96 120 0
264 0
288 0
264 288 0
288 0
312 0
288 312 0
1 0
25 0
-1 25 0
49 0
73 0
47 73 0
121 0
145 0
119 145 0
145 0
169 0
143 169 0
313 0
337 0
311 337 0
26 0
50 0
22 50 0
74 0
98 0
70 98 0
170 0
194 0
166 194 0
194 0
218 0
190 218 0
290 0
314 0
286 314 0
338 0
362 0
334 362 0
3 0
27 0
-3 27 0
51 0
75 0
45 75 0
219 0
243 0
213 243 0
243 0
267 0
237 267 0
291 0
315 0
285 315 0
363 0
387 0
357 387 0
4 0
28 0
-4 28 0
124 0
148 0
116 148 0
172 0
196 0
164 196 0
196 0
220 0
188 220 0
388 0
412 0
380 412 0
29 0
53 0
19 53 0
101 0
125 0
91 125 0
221 0
245 0
211 245 0
245 0
269 0
235 269 0
413 0
437 0
403 437 0
30 0
54 0
18 54 0
174 0
198 0
162 198 0
222 0
246 0
210 246 0
246 0
270 0
234 270 0
438 0
462 0
426 462 0
55 0
79 0
41 79 0
103 0
127 0
89 127 0
151 0
175 0
137 175 0
271 0
295 0
257 295 0
463 0
487 0
449 487 0
56 0
80 0
40 80 0
104 0
128 0
88 128 0
224 0
248 0
208 248 0
272 0
296 0
256 296 0
488 0
512 0
472 512 0
81 0
105 0
63 105 0
129 0
153 0
111 153 0
153 0
177 0
135 177 0
201 0
225 0
183 225 0
513 0
537 0
495 537 0
82 0
106 0
62 106 0
130 0
154 0
110 154 0
154 0
178 0
134 178 0
274 0
298 0
254 298 0
298 0
322 0
278 322 0
538 0
562 0
518 562 0
11 0
35 0
-11 35 0
179 0
203 0
157 203 0
203 0
227 0
181 227 0
251 0
275 0
229 275 0
299 0
323 0
277 323 0
563 0
587 0
541 587 0
12 0
36 0
-12 36 0
204 0
228 0
180 228 0
228 0
252 0
204 252 0
252 0
276 0
228 276 0
324 0
348 0
300 348 0
37 0
61 0
11 61 0
301 0
325 0
275 325 0
349 0
373 0
323 373 0
62 0
86 0
34 86 0
326 0
350 0
298 350 0
374 0
398 0
346 398 0
87 0
111 0
57 111 0
351 0
375 0
321 375 0
399 0
423 0
369 423 0
112 0
136 0
80 136 0
376 0
400 0
344 400 0
424 0
448 0
392 448 0
137 0
161 0
103 161 0
401 0
425 0
367 425 0
449 0
473 0
415 473 0
162 0
186 0
126 186 0
426 0
450 0
390 450 0
474 0
498 0
438 498 0
187 0
211 0
149 211 0
451 0
475 0
413 475 0
499 0
523 0
461 523 0
212 0
236 0
172 236 0
476 0
500 0
436 500 0
524 0
548 0
484 548 0
237 0
261 0
195 261 0
501 0
525 0
459 525 0
549 0
573 0
507 573 0
262 0
286 0
218 286 0
526 0
550 0
482 550 0
574 0
598 0
530 598 0
287 0
311 0
241 311 0
551 0
575 0
505 575 0
24 1 0
24 25 0
48 1 0
48 25 0
72 3 0
72 27 0
96 3 0
96 27 0
96 4 0
96 28 0
120 4 0
120 28 0
264 11 0
264 35 0
288 11 0
288 35 0
288 12 0
288 36 0
312 12 0
312 36 0
-1 24 0
-1 48 0
23 24 0
23 48 0
47 26 0
47 50 0
71 26 0
71 50 0
119 29 0
119 53 0
143 29 0
143 53 0
143 30 0
143 54 0
167 30 0
167 54 0
311 37 0
311 61 0
335 37 0
335 61 0
22 49 0
22 73 0
46 49 0
46 73 0
70 51 0
70 75 0
94 51 0
94 75 0
166 55 0
166 79 0
190 55 0
190 79 0
190 56 0
190 80 0
214 56 0
214 80 0
286 60 0
286 84 0
310 60 0
310 84 0
334 62 0
334 86 0
358 62 0
358 86 0
-3 72 0
-3 96 0
21 72 0
21 96 0
45 74 0
45 98 0
69 74 0
69 98 0
213 81 0
213 105 0
237 81 0
237 105 0
237 82 0
237 106 0
261 82 0
261 106 0
285 84 0
285 108 0
309 84 0
309 108 0
357 87 0
357 111 0
381 87 0
381 111 0
-4 96 0
-4 120 0
20 96 0
20 120 0
116 101 0
116 125 0
140 101 0
140 125 0
164 103 0
164 127 0
188 103 0
188 127 0
188 104 0
188 128 0
212 104 0
212 128 0
380 112 0
380 136 0
404 112 0
404 136 0
19 121 0
19 145 0
43 121 0
43 145 0
91 124 0
91 148 0
115 124 0
115 148 0
211 129 0
211 153 0
235 129 0
235 153 0
235 130 0
235 154 0
259 130 0
259 154 0
403 137 0
403 161 0
427 137 0
427 161 0
18 145 0
18 169 0
42 145 0
42 169 0
162 151 0
162 175 0
186 151 0
186 175 0
210 153 0
210 177 0
234 153 0
234 177 0
234 154 0
234 178 0
258 154 0
258 178 0
426 162 0
426 186 0
450 162 0
450 186 0
41 170 0
41 194 0
65 170 0
65 194 0
89 172 0
89 196 0
113 172 0
113 196 0
137 174 0
137 198 0
161 174 0
161 198 0
257 179 0
257 203 0
281 179 0
281 203 0
449 187 0
449 211 0
473 187 0
473 211 0
40 194 0
40 218 0
64 194 0
64 218 0
88 196 0
88 220 0
112 196 0
112 220 0
208 201 0
208 225 0
232 201 0
232 225 0
256 203 0
256 227 0
280 203 0
280 227 0
472 212 0
472 236 0
496 212 0
496 236 0
63 219 0
63 243 0
87 219 0
87 243 0
111 221 0
111 245 0
135 221 0
135 245 0
135 222 0
135 246 0
159 222 0
159 246 0
183 224 0
183 248 0
207 224 0
207 248 0
495 237 0
495 261 0
519 237 0
519 261 0
62 243 0
62 267 0
86 243 0
86 267 0
110 245 0
110 269 0
134 245 0
134 269 0
134 246 0
134 270 0
158 246 0
158 270 0
254 251 0
254 275 0
278 251 0
278 275 0
278 252 0
278 276 0
302 252 0
302 276 0
518 262 0
518 286 0
542 262 0
542 286 0
-11 264 0
-11 288 0
13 264 0
13 288 0
157 271 0
157 295 0
181 271 0
181 295 0
181 272 0
181 296 0
205 272 0
205 296 0
229 274 0
229 298 0
253 274 0
253 298 0
277 276 0
277 300 0
301 276 0
301 300 0
541 287 0
541 311 0
565 287 0
565 311 0
-12 288 0
-12 312 0
12 288 0
12 312 0
180 296 0
180 320 0
204 296 0
204 320 0
204 297 0
204 321 0
228 297 0
228 321 0
228 298 0
228 322 0
252 298 0
252 322 0
300 301 0
300 325 0
324 301 0
324 325 0
11 313 0
11 337 0
35 313 0
35 337 0
275 324 0
275 348 0
299 324 0
299 348 0
323 326 0
323 350 0
347 326 0
347 350 0
34 338 0
34 362 0
58 338 0
58 362 0
298 349 0
298 373 0
322 349 0
322 373 0
346 351 0
346 375 0
370 351 0
370 375 0
57 363 0
57 387 0
81 363 0
81 387 0
321 374 0
321 398 0
345 374 0
345 398 0
369 376 0
369 400 0
393 376 0
393 400 0
80 388 0
80 412 0
104 388 0
104 412 0
344 399 0
344 423 0
368 399 0
368 423 0
392 401 0
392 425 0
416 401 0
416 425 0
103 413 0
103 437 0
127 413 0
127 437 0
367 424 0
367 448 0
391 424 0
391 448 0
415 426 0
415 450 0
439 426 0
439 450 0
126 438 0
126 462 0
150 438 0
150 462 0
390 449 0
390 473 0
414 449 0
414 473 0
438 451 0
438 475 0
462 451 0
462 475 0
149 463 0
149 487 0
173 463 0
173 487 0
413 474 0
413 498 0
437 474 0
437 498 0
461 476 0
461 500 0
485 476 0
485 500 0
172 488 0
172 512 0
196 488 0
196 512 0
436 499 0
436 523 0
460 499 0
460 523 0
484 501 0
484 525 0
508 501 0
508 525 0
195 513 0
195 537 0
219 513 0
219 537 0
459 524 0
459 548 0
483 524 0
483 548 0
507 526 0
507 550 0
531 526 0
531 550 0
218 538 0
218 562 0
242 538 0
242 562 0
482 549 0
482 573 0
506 549 0
506 573 0
530 551 0
530 575 0
554 551 0
554 575 0
241 563 0
241 587 0
265 563 0
265 587 0
505 574 0
505 598 0
529 574 0
529 598 0
