c
c starts with comments 
c
p cnf 8580 30030
66 0
132 0
66 132 0
132 0
198 0
132 198 0
198 0
264 0
198 264 0
264 0
330 0
264 330 0
330 0
396 0
330 396 0
594 0
660 0
594 660 0
660 0
726 0
660 726 0
726 0
792 0
726 792 0
1188 0
1254 0
1188 1254 0
1254 0
1320 0
1254 1320 0
1320 0
1386 0
1320 1386 0
1584 0
1650 0
1584 1650 0
1650 0
1716 0
1650 1716 0
1716 0
1782 0
1716 1782 0
1 0
67 0
-1 67 0
133 0
199 0
131 199 0
199 0
265 0
197 265 0
265 0
331 0
263 331 0
331 0
397 0
329 397 0
595 0
661 0
593 661 0
661 0
727 0
659 727 0
727 0
793 0
725 793 0
1189 0
1255 0
1187 1255 0
1255 0
1321 0
1253 1321 0
1321 0
1387 0
1319 1387 0
1585 0
1651 0
1583 1651 0
1651 0
1717 0
1649 1717 0
1717 0
1783 0
1715 1783 0
2 0
68 0
-2 68 0
68 0
134 0
64 134 0
200 0
266 0
196 266 0
266 0
332 0
262 332 0
332 0
398 0
328 398 0
596 0
662 0
592 662 0
662 0
728 0
658 728 0
728 0
794 0
724 794 0
1190 0
1256 0
1186 1256 0
1256 0
1322 0
1252 1322 0
1322 0
1388 0
1318 1388 0
1586 0
1652 0
1582 1652 0
1652 0
1718 0
1648 1718 0
1718 0
1784 0
1714 1784 0
2246 0
2312 0
2242 2312 0
3 0
69 0
-3 69 0
69 0
135 0
63 135 0
135 0
201 0
129 201 0
267 0
333 0
261 333 0
333 0
399 0
327 399 0
399 0
465 0
393 465 0
465 0
531 0
459 531 0
531 0
597 0
525 597 0
993 0
1059 0
987 1059 0
1059 0
1125 0
1053 1125 0
1125 0
1191 0
1119 1191 0
1389 0
1455 0
1383 1455 0
1455 0
1521 0
1449 1521 0
1521 0
1587 0
1515 1587 0
2313 0
2379 0
2307 2379 0
4 0
70 0
-4 70 0
70 0
136 0
62 136 0
136 0
202 0
128 202 0
202 0
268 0
194 268 0
334 0
400 0
326 400 0
400 0
466 0
392 466 0
466 0
532 0
458 532 0
532 0
598 0
524 598 0
994 0
1060 0
986 1060 0
1060 0
1126 0
1052 1126 0
1126 0
1192 0
1118 1192 0
1390 0
1456 0
1382 1456 0
1456 0
1522 0
1448 1522 0
1522 0
1588 0
1514 1588 0
2380 0
2446 0
2372 2446 0
5 0
71 0
-5 71 0
71 0
137 0
61 137 0
137 0
203 0
127 203 0
203 0
269 0
193 269 0
269 0
335 0
259 335 0
401 0
467 0
391 467 0
467 0
533 0
457 533 0
533 0
599 0
523 599 0
995 0
1061 0
985 1061 0
1061 0
1127 0
1051 1127 0
1127 0
1193 0
1117 1193 0
1391 0
1457 0
1381 1457 0
1457 0
1523 0
1447 1523 0
1523 0
1589 0
1513 1589 0
2447 0
2513 0
2437 2513 0
204 0
270 0
192 270 0
270 0
336 0
258 336 0
336 0
402 0
324 402 0
468 0
534 0
456 534 0
534 0
600 0
522 600 0
798 0
864 0
786 864 0
864 0
930 0
852 930 0
930 0
996 0
918 996 0
1194 0
1260 0
1182 1260 0
1260 0
1326 0
1248 1326 0
1326 0
1392 0
1314 1392 0
1788 0
1854 0
1776 1854 0
1854 0
1920 0
1842 1920 0
1920 0
1986 0
1908 1986 0
2514 0
2580 0
2502 2580 0
205 0
271 0
191 271 0
271 0
337 0
257 337 0
337 0
403 0
323 403 0
403 0
469 0
389 469 0
535 0
601 0
521 601 0
799 0
865 0
785 865 0
865 0
931 0
851 931 0
931 0
997 0
917 997 0
1195 0
1261 0
1181 1261 0
1261 0
1327 0
1247 1327 0
1327 0
1393 0
1313 1393 0
1789 0
1855 0
1775 1855 0
1855 0
1921 0
1841 1921 0
1921 0
1987 0
1907 1987 0
2581 0
2647 0
2567 2647 0
206 0
272 0
190 272 0
272 0
338 0
256 338 0
338 0
404 0
322 404 0
404 0
470 0
388 470 0
470 0
536 0
454 536 0
800 0
866 0
784 866 0
866 0
932 0
850 932 0
932 0
998 0
916 998 0
1196 0
1262 0
1180 1262 0
1262 0
1328 0
1246 1328 0
1328 0
1394 0
1312 1394 0
1790 0
1856 0
1774 1856 0
1856 0
1922 0
1840 1922 0
1922 0
1988 0
1906 1988 0
2648 0
2714 0
2632 2714 0
9 0
75 0
-9 75 0
75 0
141 0
57 141 0
141 0
207 0
123 207 0
669 0
735 0
651 735 0
735 0
801 0
717 801 0
801 0
867 0
783 867 0
867 0
933 0
849 933 0
933 0
999 0
915 999 0
999 0
1065 0
981 1065 0
1065 0
1131 0
1047 1131 0
1131 0
1197 0
1113 1197 0
1791 0
1857 0
1773 1857 0
1857 0
1923 0
1839 1923 0
1923 0
1989 0
1905 1989 0
2715 0
2781 0
2697 2781 0
10 0
76 0
-10 76 0
76 0
142 0
56 142 0
142 0
208 0
122 208 0
604 0
670 0
584 670 0
736 0
802 0
716 802 0
802 0
868 0
782 868 0
868 0
934 0
848 934 0
934 0
1000 0
914 1000 0
1000 0
1066 0
980 1066 0
1066 0
1132 0
1046 1132 0
1132 0
1198 0
1112 1198 0
1792 0
1858 0
1772 1858 0
1858 0
1924 0
1838 1924 0
1924 0
1990 0
1904 1990 0
2782 0
2848 0
2762 2848 0
11 0
77 0
-11 77 0
77 0
143 0
55 143 0
143 0
209 0
121 209 0
605 0
671 0
583 671 0
671 0
737 0
649 737 0
803 0
869 0
781 869 0
869 0
935 0
847 935 0
935 0
1001 0
913 1001 0
1001 0
1067 0
979 1067 0
1067 0
1133 0
1045 1133 0
1133 0
1199 0
1111 1199 0
1793 0
1859 0
1771 1859 0
1859 0
1925 0
1837 1925 0
1925 0
1991 0
1903 1991 0
2849 0
2915 0
2827 2915 0
408 0
474 0
384 474 0
474 0
540 0
450 540 0
540 0
606 0
516 606 0
606 0
672 0
582 672 0
672 0
738 0
648 738 0
738 0
804 0
714 804 0
870 0
936 0
846 936 0
936 0
1002 0
912 1002 0
1398 0
1464 0
1374 1464 0
1464 0
1530 0
1440 1530 0
1530 0
1596 0
1506 1596 0
1596 0
1662 0
1572 1662 0
1662 0
1728 0
1638 1728 0
1728 0
1794 0
1704 1794 0
2916 0
2982 0
2892 2982 0
409 0
475 0
383 475 0
475 0
541 0
449 541 0
541 0
607 0
515 607 0
607 0
673 0
581 673 0
673 0
739 0
647 739 0
739 0
805 0
713 805 0
805 0
871 0
779 871 0
937 0
1003 0
911 1003 0
1399 0
1465 0
1373 1465 0
1465 0
1531 0
1439 1531 0
1531 0
1597 0
1505 1597 0
1597 0
1663 0
1571 1663 0
1663 0
1729 0
1637 1729 0
1729 0
1795 0
1703 1795 0
2983 0
3049 0
2957 3049 0
410 0
476 0
382 476 0
476 0
542 0
448 542 0
542 0
608 0
514 608 0
608 0
674 0
580 674 0
674 0
740 0
646 740 0
740 0
806 0
712 806 0
806 0
872 0
778 872 0
872 0
938 0
844 938 0
1400 0
1466 0
1372 1466 0
1466 0
1532 0
1438 1532 0
1532 0
1598 0
1504 1598 0
1598 0
1664 0
1570 1664 0
1664 0
1730 0
1636 1730 0
1730 0
1796 0
1702 1796 0
3050 0
3116 0
3022 3116 0
213 0
279 0
183 279 0
279 0
345 0
249 345 0
345 0
411 0
315 411 0
609 0
675 0
579 675 0
675 0
741 0
645 741 0
741 0
807 0
711 807 0
1071 0
1137 0
1041 1137 0
1137 0
1203 0
1107 1203 0
1995 0
2061 0
1965 2061 0
2061 0
2127 0
2031 2127 0
2127 0
2193 0
2097 2193 0
3117 0
3183 0
3087 3183 0
214 0
280 0
182 280 0
280 0
346 0
248 346 0
346 0
412 0
314 412 0
610 0
676 0
578 676 0
676 0
742 0
644 742 0
742 0
808 0
710 808 0
1006 0
1072 0
974 1072 0
1138 0
1204 0
1106 1204 0
1996 0
2062 0
1964 2062 0
2062 0
2128 0
2030 2128 0
2128 0
2194 0
2096 2194 0
3184 0
3250 0
3152 3250 0
215 0
281 0
181 281 0
281 0
347 0
247 347 0
347 0
413 0
313 413 0
611 0
677 0
577 677 0
677 0
743 0
643 743 0
743 0
809 0
709 809 0
1007 0
1073 0
973 1073 0
1073 0
1139 0
1039 1139 0
1997 0
2063 0
1963 2063 0
2063 0
2129 0
2029 2129 0
2129 0
2195 0
2095 2195 0
3251 0
3317 0
3217 3317 0
18 0
84 0
-18 84 0
84 0
150 0
48 150 0
150 0
216 0
114 216 0
414 0
480 0
378 480 0
480 0
546 0
444 546 0
546 0
612 0
510 612 0
1272 0
1338 0
1236 1338 0
1338 0
1404 0
1302 1404 0
1998 0
2064 0
1962 2064 0
2064 0
2130 0
2028 2130 0
2130 0
2196 0
2094 2196 0
3318 0
3384 0
3282 3384 0
19 0
85 0
-19 85 0
85 0
151 0
47 151 0
151 0
217 0
113 217 0
415 0
481 0
377 481 0
481 0
547 0
443 547 0
547 0
613 0
509 613 0
1207 0
1273 0
1169 1273 0
1339 0
1405 0
1301 1405 0
1999 0
2065 0
1961 2065 0
2065 0
2131 0
2027 2131 0
2131 0
2197 0
2093 2197 0
3385 0
3451 0
3347 3451 0
20 0
86 0
-20 86 0
86 0
152 0
46 152 0
152 0
218 0
112 218 0
416 0
482 0
376 482 0
482 0
548 0
442 548 0
548 0
614 0
508 614 0
1208 0
1274 0
1168 1274 0
1274 0
1340 0
1234 1340 0
2000 0
2066 0
1960 2066 0
2066 0
2132 0
2026 2132 0
2132 0
2198 0
2092 2198 0
3452 0
3518 0
3412 3518 0
219 0
285 0
177 285 0
285 0
351 0
243 351 0
351 0
417 0
309 417 0
813 0
879 0
771 879 0
879 0
945 0
837 945 0
945 0
1011 0
903 1011 0
1473 0
1539 0
1431 1539 0
1539 0
1605 0
1497 1605 0
2001 0
2067 0
1959 2067 0
2067 0
2133 0
2025 2133 0
2133 0
2199 0
2091 2199 0
3519 0
3585 0
3477 3585 0
220 0
286 0
176 286 0
286 0
352 0
242 352 0
352 0
418 0
308 418 0
814 0
880 0
770 880 0
880 0
946 0
836 946 0
946 0
1012 0
902 1012 0
1408 0
1474 0
1364 1474 0
1540 0
1606 0
1496 1606 0
2002 0
2068 0
1958 2068 0
2068 0
2134 0
2024 2134 0
2134 0
2200 0
2090 2200 0
3586 0
3652 0
3542 3652 0
221 0
287 0
175 287 0
287 0
353 0
241 353 0
353 0
419 0
307 419 0
815 0
881 0
769 881 0
881 0
947 0
835 947 0
947 0
1013 0
901 1013 0
1409 0
1475 0
1363 1475 0
1475 0
1541 0
1429 1541 0
2003 0
2069 0
1957 2069 0
2069 0
2135 0
2023 2135 0
2135 0
2201 0
2089 2201 0
3653 0
3719 0
3607 3719 0
24 0
90 0
-24 90 0
90 0
156 0
42 156 0
156 0
222 0
108 222 0
816 0
882 0
768 882 0
882 0
948 0
834 948 0
948 0
1014 0
900 1014 0
1674 0
1740 0
1626 1740 0
1740 0
1806 0
1692 1806 0
2004 0
2070 0
1956 2070 0
2070 0
2136 0
2022 2136 0
2136 0
2202 0
2088 2202 0
3720 0
3786 0
3672 3786 0
25 0
91 0
-25 91 0
91 0
157 0
41 157 0
157 0
223 0
107 223 0
817 0
883 0
767 883 0
883 0
949 0
833 949 0
949 0
1015 0
899 1015 0
1609 0
1675 0
1559 1675 0
1741 0
1807 0
1691 1807 0
2005 0
2071 0
1955 2071 0
2071 0
2137 0
2021 2137 0
2137 0
2203 0
2087 2203 0
3787 0
3853 0
3737 3853 0
26 0
92 0
-26 92 0
92 0
158 0
40 158 0
158 0
224 0
106 224 0
818 0
884 0
766 884 0
884 0
950 0
832 950 0
950 0
1016 0
898 1016 0
1610 0
1676 0
1558 1676 0
1676 0
1742 0
1624 1742 0
2006 0
2072 0
1954 2072 0
2072 0
2138 0
2020 2138 0
2138 0
2204 0
2086 2204 0
3854 0
3920 0
3802 3920 0
423 0
489 0
369 489 0
489 0
555 0
435 555 0
555 0
621 0
501 621 0
621 0
687 0
567 687 0
687 0
753 0
633 753 0
753 0
819 0
699 819 0
1875 0
1941 0
1821 1941 0
1941 0
2007 0
1887 2007 0
2007 0
2073 0
1953 2073 0
2073 0
2139 0
2019 2139 0
2139 0
2205 0
2085 2205 0
3921 0
3987 0
3867 3987 0
424 0
490 0
368 490 0
490 0
556 0
434 556 0
556 0
622 0
500 622 0
622 0
688 0
566 688 0
688 0
754 0
632 754 0
754 0
820 0
698 820 0
1810 0
1876 0
1754 1876 0
1942 0
2008 0
1886 2008 0
2008 0
2074 0
1952 2074 0
2074 0
2140 0
2018 2140 0
2140 0
2206 0
2084 2206 0
3988 0
4054 0
3932 4054 0
425 0
491 0
367 491 0
491 0
557 0
433 557 0
557 0
623 0
499 623 0
623 0
689 0
565 689 0
689 0
755 0
631 755 0
755 0
821 0
697 821 0
1811 0
1877 0
1753 1877 0
1877 0
1943 0
1819 1943 0
2009 0
2075 0
1951 2075 0
2075 0
2141 0
2017 2141 0
2141 0
2207 0
2083 2207 0
4055 0
4121 0
3997 4121 0
1020 0
1086 0
960 1086 0
1086 0
1152 0
1026 1152 0
1152 0
1218 0
1092 1218 0
1218 0
1284 0
1158 1284 0
1284 0
1350 0
1224 1350 0
1350 0
1416 0
1290 1416 0
1416 0
1482 0
1356 1482 0
1482 0
1548 0
1422 1548 0
1548 0
1614 0
1488 1614 0
1614 0
1680 0
1554 1680 0
1680 0
1746 0
1620 1746 0
1746 0
1812 0
1686 1812 0
1812 0
1878 0
1752 1878 0
1878 0
1944 0
1818 1944 0
1944 0
2010 0
1884 2010 0
2076 0
2142 0
2016 2142 0
2142 0
2208 0
2082 2208 0
4122 0
4188 0
4062 4188 0
1021 0
1087 0
959 1087 0
1087 0
1153 0
1025 1153 0
1153 0
1219 0
1091 1219 0
1219 0
1285 0
1157 1285 0
1285 0
1351 0
1223 1351 0
1351 0
1417 0
1289 1417 0
1417 0
1483 0
1355 1483 0
1483 0
1549 0
1421 1549 0
1549 0
1615 0
1487 1615 0
1615 0
1681 0
1553 1681 0
1681 0
1747 0
1619 1747 0
1747 0
1813 0
1685 1813 0
1813 0
1879 0
1751 1879 0
1879 0
1945 0
1817 1945 0
1945 0
2011 0
1883 2011 0
2011 0
2077 0
1949 2077 0
2143 0
2209 0
2081 2209 0
4189 0
4255 0
4127 4255 0
1022 0
1088 0
958 1088 0
1088 0
1154 0
1024 1154 0
1154 0
1220 0
1090 1220 0
1220 0
1286 0
1156 1286 0
1286 0
1352 0
1222 1352 0
1352 0
1418 0
1288 1418 0
1418 0
1484 0
1354 1484 0
1484 0
1550 0
1420 1550 0
1550 0
1616 0
1486 1616 0
1616 0
1682 0
1552 1682 0
1682 0
1748 0
1618 1748 0
1748 0
1814 0
1684 1814 0
1814 0
1880 0
1750 1880 0
1880 0
1946 0
1816 1946 0
1946 0
2012 0
1882 2012 0
2012 0
2078 0
1948 2078 0
2078 0
2144 0
2014 2144 0
4256 0
4322 0
4192 4322 0
2277 0
2343 0
2211 2343 0
4323 0
4389 0
4257 4389 0
166 0
232 0
98 232 0
2212 0
2278 0
2144 2278 0
2344 0
2410 0
2276 2410 0
233 0
299 0
163 299 0
2279 0
2345 0
2209 2345 0
2411 0
2477 0
2341 2477 0
300 0
366 0
228 366 0
2346 0
2412 0
2274 2412 0
2478 0
2544 0
2406 2544 0
367 0
433 0
293 433 0
2413 0
2479 0
2339 2479 0
2545 0
2611 0
2471 2611 0
434 0
500 0
358 500 0
2480 0
2546 0
2404 2546 0
2612 0
2678 0
2536 2678 0
501 0
567 0
423 567 0
2547 0
2613 0
2469 2613 0
2679 0
2745 0
2601 2745 0
568 0
634 0
488 634 0
2614 0
2680 0
2534 2680 0
2746 0
2812 0
2666 2812 0
635 0
701 0
553 701 0
2681 0
2747 0
2599 2747 0
2813 0
2879 0
2731 2879 0
702 0
768 0
618 768 0
2748 0
2814 0
2664 2814 0
2880 0
2946 0
2796 2946 0
769 0
835 0
683 835 0
2815 0
2881 0
2729 2881 0
2947 0
3013 0
2861 3013 0
836 0
902 0
748 902 0
2882 0
2948 0
2794 2948 0
3014 0
3080 0
2926 3080 0
903 0
969 0
813 969 0
2949 0
3015 0
2859 3015 0
3081 0
3147 0
2991 3147 0
970 0
1036 0
878 1036 0
3016 0
3082 0
2924 3082 0
3148 0
3214 0
3056 3214 0
1037 0
1103 0
943 1103 0
3083 0
3149 0
2989 3149 0
3215 0
3281 0
3121 3281 0
1104 0
1170 0
1008 1170 0
3150 0
3216 0
3054 3216 0
3282 0
3348 0
3186 3348 0
1171 0
1237 0
1073 1237 0
3217 0
3283 0
3119 3283 0
3349 0
3415 0
3251 3415 0
1238 0
1304 0
1138 1304 0
3284 0
3350 0
3184 3350 0
3416 0
3482 0
3316 3482 0
1305 0
1371 0
1203 1371 0
3351 0
3417 0
3249 3417 0
3483 0
3549 0
3381 3549 0
1372 0
1438 0
1268 1438 0
3418 0
3484 0
3314 3484 0
3550 0
3616 0
3446 3616 0
1439 0
1505 0
1333 1505 0
3485 0
3551 0
3379 3551 0
3617 0
3683 0
3511 3683 0
1506 0
1572 0
1398 1572 0
3552 0
3618 0
3444 3618 0
3684 0
3750 0
3576 3750 0
1573 0
1639 0
1463 1639 0
3619 0
3685 0
3509 3685 0
3751 0
3817 0
3641 3817 0
1640 0
1706 0
1528 1706 0
3686 0
3752 0
3574 3752 0
3818 0
3884 0
3706 3884 0
1707 0
1773 0
1593 1773 0
3753 0
3819 0
3639 3819 0
3885 0
3951 0
3771 3951 0
1774 0
1840 0
1658 1840 0
3820 0
3886 0
3704 3886 0
3952 0
4018 0
3836 4018 0
1841 0
1907 0
1723 1907 0
3887 0
3953 0
3769 3953 0
4019 0
4085 0
3901 4085 0
1908 0
1974 0
1788 1974 0
3954 0
4020 0
3834 4020 0
4086 0
4152 0
3966 4152 0
1975 0
2041 0
1853 2041 0
4021 0
4087 0
3899 4087 0
4153 0
4219 0
4031 4219 0
2042 0
2108 0
1918 2108 0
4088 0
4154 0
3964 4154 0
4220 0
4286 0
4096 4286 0
2109 0
2175 0
1983 2175 0
4155 0
4221 0
4029 4221 0
4287 0
4353 0
4161 4353 0
2176 0
2242 0
2048 2242 0
4222 0
4288 0
4094 4288 0
4354 0
4420 0
4226 4420 0
2243 0
2309 0
2113 2309 0
4289 0
4355 0
4159 4355 0
66 1 0
66 67 0
132 1 0
132 67 0
132 2 0
132 68 0
198 2 0
198 68 0
198 3 0
198 69 0
264 3 0
264 69 0
264 4 0
264 70 0
330 4 0
330 70 0
330 5 0
330 71 0
396 5 0
396 71 0
594 9 0
594 75 0
660 9 0
660 75 0
660 10 0
660 76 0
726 10 0
726 76 0
726 11 0
726 77 0
792 11 0
792 77 0
1188 18 0
1188 84 0
1254 18 0
1254 84 0
1254 19 0
1254 85 0
1320 19 0
1320 85 0
1320 20 0
1320 86 0
1386 20 0
1386 86 0
1584 24 0
1584 90 0
1650 24 0
1650 90 0
1650 25 0
1650 91 0
1716 25 0
1716 91 0
1716 26 0
1716 92 0
1782 26 0
1782 92 0
-1 66 0
-1 132 0
65 66 0
65 132 0
131 68 0
131 134 0
197 68 0
197 134 0
197 69 0
197 135 0
263 69 0
263 135 0
263 70 0
263 136 0
329 70 0
329 136 0
329 71 0
329 137 0
395 71 0
395 137 0
593 75 0
593 141 0
659 75 0
659 141 0
659 76 0
659 142 0
725 76 0
725 142 0
725 77 0
725 143 0
791 77 0
791 143 0
1187 84 0
1187 150 0
1253 84 0
1253 150 0
1253 85 0
1253 151 0
1319 85 0
1319 151 0
1319 86 0
1319 152 0
1385 86 0
1385 152 0
1583 90 0
1583 156 0
1649 90 0
1649 156 0
1649 91 0
1649 157 0
1715 91 0
1715 157 0
1715 92 0
1715 158 0
1781 92 0
1781 158 0
-2 132 0
-2 198 0
64 132 0
64 198 0
64 133 0
64 199 0
130 133 0
130 199 0
196 135 0
196 201 0
262 135 0
262 201 0
262 136 0
262 202 0
328 136 0
328 202 0
328 137 0
328 203 0
394 137 0
394 203 0
592 141 0
592 207 0
658 141 0
658 207 0
658 142 0
658 208 0
724 142 0
724 208 0
724 143 0
724 209 0
790 143 0
790 209 0
1186 150 0
1186 216 0
1252 150 0
1252 216 0
1252 151 0
1252 217 0
1318 151 0
1318 217 0
1318 152 0
1318 218 0
1384 152 0
1384 218 0
1582 156 0
1582 222 0
1648 156 0
1648 222 0
1648 157 0
1648 223 0
1714 157 0
1714 223 0
1714 158 0
1714 224 0
1780 158 0
1780 224 0
2242 166 0
2242 232 0
2308 166 0
2308 232 0
-3 198 0
-3 264 0
63 198 0
63 264 0
63 199 0
63 265 0
129 199 0
129 265 0
129 200 0
129 266 0
195 200 0
195 266 0
261 202 0
261 268 0
327 202 0
327 268 0
327 203 0
327 269 0
393 203 0
393 269 0
393 204 0
393 270 0
459 204 0
459 270 0
459 205 0
459 271 0
525 205 0
525 271 0
525 206 0
525 272 0
591 206 0
591 272 0
987 213 0
987 279 0
1053 213 0
1053 279 0
1053 214 0
1053 280 0
1119 214 0
1119 280 0
1119 215 0
1119 281 0
1185 215 0
1185 281 0
1383 219 0
1383 285 0
1449 219 0
1449 285 0
1449 220 0
1449 286 0
1515 220 0
1515 286 0
1515 221 0
1515 287 0
1581 221 0
1581 287 0
2307 233 0
2307 299 0
2373 233 0
2373 299 0
-4 264 0
-4 330 0
62 264 0
62 330 0
62 265 0
62 331 0
128 265 0
128 331 0
128 266 0
128 332 0
194 266 0
194 332 0
194 267 0
194 333 0
260 267 0
260 333 0
326 269 0
326 335 0
392 269 0
392 335 0
392 270 0
392 336 0
458 270 0
458 336 0
458 271 0
458 337 0
524 271 0
524 337 0
524 272 0
524 338 0
590 272 0
590 338 0
986 279 0
986 345 0
1052 279 0
1052 345 0
1052 280 0
1052 346 0
1118 280 0
1118 346 0
1118 281 0
1118 347 0
1184 281 0
1184 347 0
1382 285 0
1382 351 0
1448 285 0
1448 351 0
1448 286 0
1448 352 0
1514 286 0
1514 352 0
1514 287 0
1514 353 0
1580 287 0
1580 353 0
2372 300 0
2372 366 0
2438 300 0
2438 366 0
-5 330 0
-5 396 0
61 330 0
61 396 0
61 331 0
61 397 0
127 331 0
127 397 0
127 332 0
127 398 0
193 332 0
193 398 0
193 333 0
193 399 0
259 333 0
259 399 0
259 334 0
259 400 0
325 334 0
325 400 0
391 336 0
391 402 0
457 336 0
457 402 0
457 337 0
457 403 0
523 337 0
523 403 0
523 338 0
523 404 0
589 338 0
589 404 0
985 345 0
985 411 0
1051 345 0
1051 411 0
1051 346 0
1051 412 0
1117 346 0
1117 412 0
1117 347 0
1117 413 0
1183 347 0
1183 413 0
1381 351 0
1381 417 0
1447 351 0
1447 417 0
1447 352 0
1447 418 0
1513 352 0
1513 418 0
1513 353 0
1513 419 0
1579 353 0
1579 419 0
2437 367 0
2437 433 0
2503 367 0
2503 433 0
192 399 0
192 465 0
258 399 0
258 465 0
258 400 0
258 466 0
324 400 0
324 466 0
324 401 0
324 467 0
390 401 0
390 467 0
456 403 0
456 469 0
522 403 0
522 469 0
522 404 0
522 470 0
588 404 0
588 470 0
786 408 0
786 474 0
852 408 0
852 474 0
852 409 0
852 475 0
918 409 0
918 475 0
918 410 0
918 476 0
984 410 0
984 476 0
1182 414 0
1182 480 0
1248 414 0
1248 480 0
1248 415 0
1248 481 0
1314 415 0
1314 481 0
1314 416 0
1314 482 0
1380 416 0
1380 482 0
1776 423 0
1776 489 0
1842 423 0
1842 489 0
1842 424 0
1842 490 0
1908 424 0
1908 490 0
1908 425 0
1908 491 0
1974 425 0
1974 491 0
2502 434 0
2502 500 0
2568 434 0
2568 500 0
191 465 0
191 531 0
257 465 0
257 531 0
257 466 0
257 532 0
323 466 0
323 532 0
323 467 0
323 533 0
389 467 0
389 533 0
389 468 0
389 534 0
455 468 0
455 534 0
521 470 0
521 536 0
587 470 0
587 536 0
785 474 0
785 540 0
851 474 0
851 540 0
851 475 0
851 541 0
917 475 0
917 541 0
917 476 0
917 542 0
983 476 0
983 542 0
1181 480 0
1181 546 0
1247 480 0
1247 546 0
1247 481 0
1247 547 0
1313 481 0
1313 547 0
1313 482 0
1313 548 0
1379 482 0
1379 548 0
1775 489 0
1775 555 0
1841 489 0
1841 555 0
1841 490 0
1841 556 0
1907 490 0
1907 556 0
1907 491 0
1907 557 0
1973 491 0
1973 557 0
2567 501 0
2567 567 0
2633 501 0
2633 567 0
190 531 0
190 597 0
256 531 0
256 597 0
256 532 0
256 598 0
322 532 0
322 598 0
322 533 0
322 599 0
388 533 0
388 599 0
388 534 0
388 600 0
454 534 0
454 600 0
454 535 0
454 601 0
520 535 0
520 601 0
784 540 0
784 606 0
850 540 0
850 606 0
850 541 0
850 607 0
916 541 0
916 607 0
916 542 0
916 608 0
982 542 0
982 608 0
1180 546 0
1180 612 0
1246 546 0
1246 612 0
1246 547 0
1246 613 0
1312 547 0
1312 613 0
1312 548 0
1312 614 0
1378 548 0
1378 614 0
1774 555 0
1774 621 0
1840 555 0
1840 621 0
1840 556 0
1840 622 0
1906 556 0
1906 622 0
1906 557 0
1906 623 0
1972 557 0
1972 623 0
2632 568 0
2632 634 0
2698 568 0
2698 634 0
-9 594 0
-9 660 0
57 594 0
57 660 0
57 595 0
57 661 0
123 595 0
123 661 0
123 596 0
123 662 0
189 596 0
189 662 0
651 604 0
651 670 0
717 604 0
717 670 0
717 605 0
717 671 0
783 605 0
783 671 0
783 606 0
783 672 0
849 606 0
849 672 0
849 607 0
849 673 0
915 607 0
915 673 0
915 608 0
915 674 0
981 608 0
981 674 0
981 609 0
981 675 0
1047 609 0
1047 675 0
1047 610 0
1047 676 0
1113 610 0
1113 676 0
1113 611 0
1113 677 0
1179 611 0
1179 677 0
1773 621 0
1773 687 0
1839 621 0
1839 687 0
1839 622 0
1839 688 0
1905 622 0
1905 688 0
1905 623 0
1905 689 0
1971 623 0
1971 689 0
2697 635 0
2697 701 0
2763 635 0
2763 701 0
-10 660 0
-10 726 0
56 660 0
56 726 0
56 661 0
56 727 0
122 661 0
122 727 0
122 662 0
122 728 0
188 662 0
188 728 0
584 669 0
584 735 0
650 669 0
650 735 0
716 671 0
716 737 0
782 671 0
782 737 0
782 672 0
782 738 0
848 672 0
848 738 0
848 673 0
848 739 0
914 673 0
914 739 0
914 674 0
914 740 0
980 674 0
980 740 0
980 675 0
980 741 0
1046 675 0
1046 741 0
1046 676 0
1046 742 0
1112 676 0
1112 742 0
1112 677 0
1112 743 0
1178 677 0
1178 743 0
1772 687 0
1772 753 0
1838 687 0
1838 753 0
1838 688 0
1838 754 0
1904 688 0
1904 754 0
1904 689 0
1904 755 0
1970 689 0
1970 755 0
2762 702 0
2762 768 0
2828 702 0
2828 768 0
-11 726 0
-11 792 0
55 726 0
55 792 0
55 727 0
55 793 0
121 727 0
121 793 0
121 728 0
121 794 0
187 728 0
187 794 0
583 735 0
583 801 0
649 735 0
649 801 0
649 736 0
649 802 0
715 736 0
715 802 0
781 738 0
781 804 0
847 738 0
847 804 0
847 739 0
847 805 0
913 739 0
913 805 0
913 740 0
913 806 0
979 740 0
979 806 0
979 741 0
979 807 0
1045 741 0
1045 807 0
1045 742 0
1045 808 0
1111 742 0
1111 808 0
1111 743 0
1111 809 0
1177 743 0
1177 809 0
1771 753 0
1771 819 0
1837 753 0
1837 819 0
1837 754 0
1837 820 0
1903 754 0
1903 820 0
1903 755 0
1903 821 0
1969 755 0
1969 821 0
2827 769 0
2827 835 0
2893 769 0
2893 835 0
384 798 0
384 864 0
450 798 0
450 864 0
450 799 0
450 865 0
516 799 0
516 865 0
516 800 0
516 866 0
582 800 0
582 866 0
582 801 0
582 867 0
648 801 0
648 867 0
648 802 0
648 868 0
714 802 0
714 868 0
714 803 0
714 869 0
780 803 0
780 869 0
846 805 0
846 871 0
912 805 0
912 871 0
912 806 0
912 872 0
978 806 0
978 872 0
1374 813 0
1374 879 0
1440 813 0
1440 879 0
1440 814 0
1440 880 0
1506 814 0
1506 880 0
1506 815 0
1506 881 0
1572 815 0
1572 881 0
1572 816 0
1572 882 0
1638 816 0
1638 882 0
1638 817 0
1638 883 0
1704 817 0
1704 883 0
1704 818 0
1704 884 0
1770 818 0
1770 884 0
2892 836 0
2892 902 0
2958 836 0
2958 902 0
383 864 0
383 930 0
449 864 0
449 930 0
449 865 0
449 931 0
515 865 0
515 931 0
515 866 0
515 932 0
581 866 0
581 932 0
581 867 0
581 933 0
647 867 0
647 933 0
647 868 0
647 934 0
713 868 0
713 934 0
713 869 0
713 935 0
779 869 0
779 935 0
779 870 0
779 936 0
845 870 0
845 936 0
911 872 0
911 938 0
977 872 0
977 938 0
1373 879 0
1373 945 0
1439 879 0
1439 945 0
1439 880 0
1439 946 0
1505 880 0
1505 946 0
1505 881 0
1505 947 0
1571 881 0
1571 947 0
1571 882 0
1571 948 0
1637 882 0
1637 948 0
1637 883 0
1637 949 0
1703 883 0
1703 949 0
1703 884 0
1703 950 0
1769 884 0
1769 950 0
2957 903 0
2957 969 0
3023 903 0
3023 969 0
382 930 0
382 996 0
448 930 0
448 996 0
448 931 0
448 997 0
514 931 0
514 997 0
514 932 0
514 998 0
580 932 0
580 998 0
580 933 0
580 999 0
646 933 0
646 999 0
646 934 0
646 1000 0
712 934 0
712 1000 0
712 935 0
712 1001 0
778 935 0
778 1001 0
778 936 0
778 1002 0
844 936 0
844 1002 0
844 937 0
844 1003 0
910 937 0
910 1003 0
1372 945 0
1372 1011 0
1438 945 0
1438 1011 0
1438 946 0
1438 1012 0
1504 946 0
1504 1012 0
1504 947 0
1504 1013 0
1570 947 0
1570 1013 0
1570 948 0
1570 1014 0
1636 948 0
1636 1014 0
1636 949 0
1636 1015 0
1702 949 0
1702 1015 0
1702 950 0
1702 1016 0
1768 950 0
1768 1016 0
3022 970 0
3022 1036 0
3088 970 0
3088 1036 0
183 993 0
183 1059 0
249 993 0
249 1059 0
249 994 0
249 1060 0
315 994 0
315 1060 0
315 995 0
315 1061 0
381 995 0
381 1061 0
579 999 0
579 1065 0
645 999 0
645 1065 0
645 1000 0
645 1066 0
711 1000 0
711 1066 0
711 1001 0
711 1067 0
777 1001 0
777 1067 0
1041 1006 0
1041 1072 0
1107 1006 0
1107 1072 0
1107 1007 0
1107 1073 0
1173 1007 0
1173 1073 0
1965 1020 0
1965 1086 0
2031 1020 0
2031 1086 0
2031 1021 0
2031 1087 0
2097 1021 0
2097 1087 0
2097 1022 0
2097 1088 0
2163 1022 0
2163 1088 0
3087 1037 0
3087 1103 0
3153 1037 0
3153 1103 0
182 1059 0
182 1125 0
248 1059 0
248 1125 0
248 1060 0
248 1126 0
314 1060 0
314 1126 0
314 1061 0
314 1127 0
380 1061 0
380 1127 0
578 1065 0
578 1131 0
644 1065 0
644 1131 0
644 1066 0
644 1132 0
710 1066 0
710 1132 0
710 1067 0
710 1133 0
776 1067 0
776 1133 0
974 1071 0
974 1137 0
1040 1071 0
1040 1137 0
1106 1073 0
1106 1139 0
1172 1073 0
1172 1139 0
1964 1086 0
1964 1152 0
2030 1086 0
2030 1152 0
2030 1087 0
2030 1153 0
2096 1087 0
2096 1153 0
2096 1088 0
2096 1154 0
2162 1088 0
2162 1154 0
3152 1104 0
3152 1170 0
3218 1104 0
3218 1170 0
181 1125 0
181 1191 0
247 1125 0
247 1191 0
247 1126 0
247 1192 0
313 1126 0
313 1192 0
313 1127 0
313 1193 0
379 1127 0
379 1193 0
577 1131 0
577 1197 0
643 1131 0
643 1197 0
643 1132 0
643 1198 0
709 1132 0
709 1198 0
709 1133 0
709 1199 0
775 1133 0
775 1199 0
973 1137 0
973 1203 0
1039 1137 0
1039 1203 0
1039 1138 0
1039 1204 0
1105 1138 0
1105 1204 0
1963 1152 0
1963 1218 0
2029 1152 0
2029 1218 0
2029 1153 0
2029 1219 0
2095 1153 0
2095 1219 0
2095 1154 0
2095 1220 0
2161 1154 0
2161 1220 0
3217 1171 0
3217 1237 0
3283 1171 0
3283 1237 0
-18 1188 0
-18 1254 0
48 1188 0
48 1254 0
48 1189 0
48 1255 0
114 1189 0
114 1255 0
114 1190 0
114 1256 0
180 1190 0
180 1256 0
378 1194 0
378 1260 0
444 1194 0
444 1260 0
444 1195 0
444 1261 0
510 1195 0
510 1261 0
510 1196 0
510 1262 0
576 1196 0
576 1262 0
1236 1207 0
1236 1273 0
1302 1207 0
1302 1273 0
1302 1208 0
1302 1274 0
1368 1208 0
1368 1274 0
1962 1218 0
1962 1284 0
2028 1218 0
2028 1284 0
2028 1219 0
2028 1285 0
2094 1219 0
2094 1285 0
2094 1220 0
2094 1286 0
2160 1220 0
2160 1286 0
3282 1238 0
3282 1304 0
3348 1238 0
3348 1304 0
-19 1254 0
-19 1320 0
47 1254 0
47 1320 0
47 1255 0
47 1321 0
113 1255 0
113 1321 0
113 1256 0
113 1322 0
179 1256 0
179 1322 0
377 1260 0
377 1326 0
443 1260 0
443 1326 0
443 1261 0
443 1327 0
509 1261 0
509 1327 0
509 1262 0
509 1328 0
575 1262 0
575 1328 0
1169 1272 0
1169 1338 0
1235 1272 0
1235 1338 0
1301 1274 0
1301 1340 0
1367 1274 0
1367 1340 0
1961 1284 0
1961 1350 0
2027 1284 0
2027 1350 0
2027 1285 0
2027 1351 0
2093 1285 0
2093 1351 0
2093 1286 0
2093 1352 0
2159 1286 0
2159 1352 0
3347 1305 0
3347 1371 0
3413 1305 0
3413 1371 0
-20 1320 0
-20 1386 0
46 1320 0
46 1386 0
46 1321 0
46 1387 0
112 1321 0
112 1387 0
112 1322 0
112 1388 0
178 1322 0
178 1388 0
376 1326 0
376 1392 0
442 1326 0
442 1392 0
442 1327 0
442 1393 0
508 1327 0
508 1393 0
508 1328 0
508 1394 0
574 1328 0
574 1394 0
1168 1338 0
1168 1404 0
1234 1338 0
1234 1404 0
1234 1339 0
1234 1405 0
1300 1339 0
1300 1405 0
1960 1350 0
1960 1416 0
2026 1350 0
2026 1416 0
2026 1351 0
2026 1417 0
2092 1351 0
2092 1417 0
2092 1352 0
2092 1418 0
2158 1352 0
2158 1418 0
3412 1372 0
3412 1438 0
3478 1372 0
3478 1438 0
177 1389 0
177 1455 0
243 1389 0
243 1455 0
243 1390 0
243 1456 0
309 1390 0
309 1456 0
309 1391 0
309 1457 0
375 1391 0
375 1457 0
771 1398 0
771 1464 0
837 1398 0
837 1464 0
837 1399 0
837 1465 0
903 1399 0
903 1465 0
903 1400 0
903 1466 0
969 1400 0
969 1466 0
1431 1408 0
1431 1474 0
1497 1408 0
1497 1474 0
1497 1409 0
1497 1475 0
1563 1409 0
1563 1475 0
1959 1416 0
1959 1482 0
2025 1416 0
2025 1482 0
2025 1417 0
2025 1483 0
2091 1417 0
2091 1483 0
2091 1418 0
2091 1484 0
2157 1418 0
2157 1484 0
3477 1439 0
3477 1505 0
3543 1439 0
3543 1505 0
176 1455 0
176 1521 0
242 1455 0
242 1521 0
242 1456 0
242 1522 0
308 1456 0
308 1522 0
308 1457 0
308 1523 0
374 1457 0
374 1523 0
770 1464 0
770 1530 0
836 1464 0
836 1530 0
836 1465 0
836 1531 0
902 1465 0
902 1531 0
902 1466 0
902 1532 0
968 1466 0
968 1532 0
1364 1473 0
1364 1539 0
1430 1473 0
1430 1539 0
1496 1475 0
1496 1541 0
1562 1475 0
1562 1541 0
1958 1482 0
1958 1548 0
2024 1482 0
2024 1548 0
2024 1483 0
2024 1549 0
2090 1483 0
2090 1549 0
2090 1484 0
2090 1550 0
2156 1484 0
2156 1550 0
3542 1506 0
3542 1572 0
3608 1506 0
3608 1572 0
175 1521 0
175 1587 0
241 1521 0
241 1587 0
241 1522 0
241 1588 0
307 1522 0
307 1588 0
307 1523 0
307 1589 0
373 1523 0
373 1589 0
769 1530 0
769 1596 0
835 1530 0
835 1596 0
835 1531 0
835 1597 0
901 1531 0
901 1597 0
901 1532 0
901 1598 0
967 1532 0
967 1598 0
1363 1539 0
1363 1605 0
1429 1539 0
1429 1605 0
1429 1540 0
1429 1606 0
1495 1540 0
1495 1606 0
1957 1548 0
1957 1614 0
2023 1548 0
2023 1614 0
2023 1549 0
2023 1615 0
2089 1549 0
2089 1615 0
2089 1550 0
2089 1616 0
2155 1550 0
2155 1616 0
3607 1573 0
3607 1639 0
3673 1573 0
3673 1639 0
-24 1584 0
-24 1650 0
42 1584 0
42 1650 0
42 1585 0
42 1651 0
108 1585 0
108 1651 0
108 1586 0
108 1652 0
174 1586 0
174 1652 0
768 1596 0
768 1662 0
834 1596 0
834 1662 0
834 1597 0
834 1663 0
900 1597 0
900 1663 0
900 1598 0
900 1664 0
966 1598 0
966 1664 0
1626 1609 0
1626 1675 0
1692 1609 0
1692 1675 0
1692 1610 0
1692 1676 0
1758 1610 0
1758 1676 0
1956 1614 0
1956 1680 0
2022 1614 0
2022 1680 0
2022 1615 0
2022 1681 0
2088 1615 0
2088 1681 0
2088 1616 0
2088 1682 0
2154 1616 0
2154 1682 0
3672 1640 0
3672 1706 0
3738 1640 0
3738 1706 0
-25 1650 0
-25 1716 0
41 1650 0
41 1716 0
41 1651 0
41 1717 0
107 1651 0
107 1717 0
107 1652 0
107 1718 0
173 1652 0
173 1718 0
767 1662 0
767 1728 0
833 1662 0
833 1728 0
833 1663 0
833 1729 0
899 1663 0
899 1729 0
899 1664 0
899 1730 0
965 1664 0
965 1730 0
1559 1674 0
1559 1740 0
1625 1674 0
1625 1740 0
1691 1676 0
1691 1742 0
1757 1676 0
1757 1742 0
1955 1680 0
1955 1746 0
2021 1680 0
2021 1746 0
2021 1681 0
2021 1747 0
2087 1681 0
2087 1747 0
2087 1682 0
2087 1748 0
2153 1682 0
2153 1748 0
3737 1707 0
3737 1773 0
3803 1707 0
3803 1773 0
-26 1716 0
-26 1782 0
40 1716 0
40 1782 0
40 1717 0
40 1783 0
106 1717 0
106 1783 0
106 1718 0
106 1784 0
172 1718 0
172 1784 0
766 1728 0
766 1794 0
832 1728 0
832 1794 0
832 1729 0
832 1795 0
898 1729 0
898 1795 0
898 1730 0
898 1796 0
964 1730 0
964 1796 0
1558 1740 0
1558 1806 0
1624 1740 0
1624 1806 0
1624 1741 0
1624 1807 0
1690 1741 0
1690 1807 0
1954 1746 0
1954 1812 0
2020 1746 0
2020 1812 0
2020 1747 0
2020 1813 0
2086 1747 0
2086 1813 0
2086 1748 0
2086 1814 0
2152 1748 0
2152 1814 0
3802 1774 0
3802 1840 0
3868 1774 0
3868 1840 0
369 1788 0
369 1854 0
435 1788 0
435 1854 0
435 1789 0
435 1855 0
501 1789 0
501 1855 0
501 1790 0
501 1856 0
567 1790 0
567 1856 0
567 1791 0
567 1857 0
633 1791 0
633 1857 0
633 1792 0
633 1858 0
699 1792 0
699 1858 0
699 1793 0
699 1859 0
765 1793 0
765 1859 0
1821 1810 0
1821 1876 0
1887 1810 0
1887 1876 0
1887 1811 0
1887 1877 0
1953 1811 0
1953 1877 0
1953 1812 0
1953 1878 0
2019 1812 0
2019 1878 0
2019 1813 0
2019 1879 0
2085 1813 0
2085 1879 0
2085 1814 0
2085 1880 0
2151 1814 0
2151 1880 0
3867 1841 0
3867 1907 0
3933 1841 0
3933 1907 0
368 1854 0
368 1920 0
434 1854 0
434 1920 0
434 1855 0
434 1921 0
500 1855 0
500 1921 0
500 1856 0
500 1922 0
566 1856 0
566 1922 0
566 1857 0
566 1923 0
632 1857 0
632 1923 0
632 1858 0
632 1924 0
698 1858 0
698 1924 0
698 1859 0
698 1925 0
764 1859 0
764 1925 0
1754 1875 0
1754 1941 0
1820 1875 0
1820 1941 0
1886 1877 0
1886 1943 0
1952 1877 0
1952 1943 0
1952 1878 0
1952 1944 0
2018 1878 0
2018 1944 0
2018 1879 0
2018 1945 0
2084 1879 0
2084 1945 0
2084 1880 0
2084 1946 0
2150 1880 0
2150 1946 0
3932 1908 0
3932 1974 0
3998 1908 0
3998 1974 0
367 1920 0
367 1986 0
433 1920 0
433 1986 0
433 1921 0
433 1987 0
499 1921 0
499 1987 0
499 1922 0
499 1988 0
565 1922 0
565 1988 0
565 1923 0
565 1989 0
631 1923 0
631 1989 0
631 1924 0
631 1990 0
697 1924 0
697 1990 0
697 1925 0
697 1991 0
763 1925 0
763 1991 0
1753 1941 0
1753 2007 0
1819 1941 0
1819 2007 0
1819 1942 0
1819 2008 0
1885 1942 0
1885 2008 0
1951 1944 0
1951 2010 0
2017 1944 0
2017 2010 0
2017 1945 0
2017 2011 0
2083 1945 0
2083 2011 0
2083 1946 0
2083 2012 0
2149 1946 0
2149 2012 0
3997 1975 0
3997 2041 0
4063 1975 0
4063 2041 0
960 1995 0
960 2061 0
1026 1995 0
1026 2061 0
1026 1996 0
1026 2062 0
1092 1996 0
1092 2062 0
1092 1997 0
1092 2063 0
1158 1997 0
1158 2063 0
1158 1998 0
1158 2064 0
1224 1998 0
1224 2064 0
1224 1999 0
1224 2065 0
1290 1999 0
1290 2065 0
1290 2000 0
1290 2066 0
1356 2000 0
1356 2066 0
1356 2001 0
1356 2067 0
1422 2001 0
1422 2067 0
1422 2002 0
1422 2068 0
1488 2002 0
1488 2068 0
1488 2003 0
1488 2069 0
1554 2003 0
1554 2069 0
1554 2004 0
1554 2070 0
1620 2004 0
1620 2070 0
1620 2005 0
1620 2071 0
1686 2005 0
1686 2071 0
1686 2006 0
1686 2072 0
1752 2006 0
1752 2072 0
1752 2007 0
1752 2073 0
1818 2007 0
1818 2073 0
1818 2008 0
1818 2074 0
1884 2008 0
1884 2074 0
1884 2009 0
1884 2075 0
1950 2009 0
1950 2075 0
2016 2011 0
2016 2077 0
2082 2011 0
2082 2077 0
2082 2012 0
2082 2078 0
2148 2012 0
2148 2078 0
4062 2042 0
4062 2108 0
4128 2042 0
4128 2108 0
959 2061 0
959 2127 0
1025 2061 0
1025 2127 0
1025 2062 0
1025 2128 0
1091 2062 0
1091 2128 0
1091 2063 0
1091 2129 0
1157 2063 0
1157 2129 0
1157 2064 0
1157 2130 0
1223 2064 0
1223 2130 0
1223 2065 0
1223 2131 0
1289 2065 0
1289 2131 0
1289 2066 0
1289 2132 0
1355 2066 0
1355 2132 0
1355 2067 0
1355 2133 0
1421 2067 0
1421 2133 0
1421 2068 0
1421 2134 0
1487 2068 0
1487 2134 0
1487 2069 0
1487 2135 0
1553 2069 0
1553 2135 0
1553 2070 0
1553 2136 0
1619 2070 0
1619 2136 0
1619 2071 0
1619 2137 0
1685 2071 0
1685 2137 0
1685 2072 0
1685 2138 0
1751 2072 0
1751 2138 0
1751 2073 0
1751 2139 0
1817 2073 0
1817 2139 0
1817 2074 0
1817 2140 0
1883 2074 0
1883 2140 0
1883 2075 0
1883 2141 0
1949 2075 0
1949 2141 0
1949 2076 0
1949 2142 0
2015 2076 0
2015 2142 0
2081 2078 0
2081 2144 0
2147 2078 0
2147 2144 0
4127 2109 0
4127 2175 0
4193 2109 0
4193 2175 0
958 2127 0
958 2193 0
1024 2127 0
1024 2193 0
1024 2128 0
1024 2194 0
1090 2128 0
1090 2194 0
1090 2129 0
1090 2195 0
1156 2129 0
1156 2195 0
1156 2130 0
1156 2196 0
1222 2130 0
1222 2196 0
1222 2131 0
1222 2197 0
1288 2131 0
1288 2197 0
1288 2132 0
1288 2198 0
1354 2132 0
1354 2198 0
1354 2133 0
1354 2199 0
1420 2133 0
1420 2199 0
1420 2134 0
1420 2200 0
1486 2134 0
1486 2200 0
1486 2135 0
1486 2201 0
1552 2135 0
1552 2201 0
1552 2136 0
1552 2202 0
1618 2136 0
1618 2202 0
1618 2137 0
1618 2203 0
1684 2137 0
1684 2203 0
1684 2138 0
1684 2204 0
1750 2138 0
1750 2204 0
1750 2139 0
1750 2205 0
1816 2139 0
1816 2205 0
1816 2140 0
1816 2206 0
1882 2140 0
1882 2206 0
1882 2141 0
1882 2207 0
1948 2141 0
1948 2207 0
1948 2142 0
1948 2208 0
2014 2142 0
2014 2208 0
2014 2143 0
2014 2209 0
2080 2143 0
2080 2209 0
4192 2176 0
4192 2242 0
4258 2176 0
4258 2242 0
2211 2212 0
2211 2278 0
2277 2212 0
2277 2278 0
4257 2243 0
4257 2309 0
4323 2243 0
4323 2309 0
98 2246 0
98 2312 0
164 2246 0
164 2312 0
2144 2277 0
2144 2343 0
2210 2277 0
2210 2343 0
2276 2279 0
2276 2345 0
2342 2279 0
2342 2345 0
163 2313 0
163 2379 0
229 2313 0
229 2379 0
2209 2344 0
2209 2410 0
2275 2344 0
2275 2410 0
2341 2346 0
2341 2412 0
2407 2346 0
2407 2412 0
228 2380 0
228 2446 0
294 2380 0
294 2446 0
2274 2411 0
2274 2477 0
2340 2411 0
2340 2477 0
2406 2413 0
2406 2479 0
2472 2413 0
2472 2479 0
293 2447 0
293 2513 0
359 2447 0
359 2513 0
2339 2478 0
2339 2544 0
2405 2478 0
2405 2544 0
2471 2480 0
2471 2546 0
2537 2480 0
2537 2546 0
358 2514 0
358 2580 0
424 2514 0
424 2580 0
2404 2545 0
2404 2611 0
2470 2545 0
2470 2611 0
2536 2547 0
2536 2613 0
2602 2547 0
2602 2613 0
423 2581 0
423 2647 0
489 2581 0
489 2647 0
2469 2612 0
2469 2678 0
2535 2612 0
2535 2678 0
2601 2614 0
2601 2680 0
2667 2614 0
2667 2680 0
488 2648 0
488 2714 0
554 2648 0
554 2714 0
2534 2679 0
2534 2745 0
2600 2679 0
2600 2745 0
2666 2681 0
2666 2747 0
2732 2681 0
2732 2747 0
553 2715 0
553 2781 0
619 2715 0
619 2781 0
2599 2746 0
2599 2812 0
2665 2746 0
2665 2812 0
2731 2748 0
2731 2814 0
2797 2748 0
2797 2814 0
618 2782 0
618 2848 0
684 2782 0
684 2848 0
2664 2813 0
2664 2879 0
2730 2813 0
2730 2879 0
2796 2815 0
2796 2881 0
2862 2815 0
2862 2881 0
683 2849 0
683 2915 0
749 2849 0
749 2915 0
2729 2880 0
2729 2946 0
2795 2880 0
2795 2946 0
2861 2882 0
2861 2948 0
2927 2882 0
2927 2948 0
748 2916 0
748 2982 0
814 2916 0
814 2982 0
2794 2947 0
2794 3013 0
2860 2947 0
2860 3013 0
2926 2949 0
2926 3015 0
2992 2949 0
2992 3015 0
813 2983 0
813 3049 0
879 2983 0
879 3049 0
2859 3014 0
2859 3080 0
2925 3014 0
2925 3080 0
2991 3016 0
2991 3082 0
3057 3016 0
3057 3082 0
878 3050 0
878 3116 0
944 3050 0
944 3116 0
2924 3081 0
2924 3147 0
2990 3081 0
2990 3147 0
3056 3083 0
3056 3149 0
3122 3083 0
3122 3149 0
943 3117 0
943 3183 0
1009 3117 0
1009 3183 0
2989 3148 0
2989 3214 0
3055 3148 0
3055 3214 0
3121 3150 0
3121 3216 0
3187 3150 0
3187 3216 0
1008 3184 0
1008 3250 0
1074 3184 0
1074 3250 0
3054 3215 0
3054 3281 0
3120 3215 0
3120 3281 0
3186 3217 0
3186 3283 0
3252 3217 0
3252 3283 0
1073 3251 0
1073 3317 0
1139 3251 0
1139 3317 0
3119 3282 0
3119 3348 0
3185 3282 0
3185 3348 0
3251 3284 0
3251 3350 0
3317 3284 0
3317 3350 0
1138 3318 0
1138 3384 0
1204 3318 0
1204 3384 0
3184 3349 0
3184 3415 0
3250 3349 0
3250 3415 0
3316 3351 0
3316 3417 0
3382 3351 0
3382 3417 0
1203 3385 0
1203 3451 0
1269 3385 0
1269 3451 0
3249 3416 0
3249 3482 0
3315 3416 0
3315 3482 0
3381 3418 0
3381 3484 0
3447 3418 0
3447 3484 0
1268 3452 0
1268 3518 0
1334 3452 0
1334 3518 0
3314 3483 0
3314 3549 0
3380 3483 0
3380 3549 0
3446 3485 0
3446 3551 0
3512 3485 0
3512 3551 0
1333 3519 0
1333 3585 0
1399 3519 0
1399 3585 0
3379 3550 0
3379 3616 0
3445 3550 0
3445 3616 0
3511 3552 0
3511 3618 0
3577 3552 0
3577 3618 0
1398 3586 0
1398 3652 0
1464 3586 0
1464 3652 0
3444 3617 0
3444 3683 0
3510 3617 0
3510 3683 0
3576 3619 0
3576 3685 0
3642 3619 0
3642 3685 0
1463 3653 0
1463 3719 0
1529 3653 0
1529 3719 0
3509 3684 0
3509 3750 0
3575 3684 0
3575 3750 0
3641 3686 0
3641 3752 0
3707 3686 0
3707 3752 0
1528 3720 0
1528 3786 0
1594 3720 0
1594 3786 0
3574 3751 0
3574 3817 0
3640 3751 0
3640 3817 0
3706 3753 0
3706 3819 0
3772 3753 0
3772 3819 0
1593 3787 0
1593 3853 0
1659 3787 0
1659 3853 0
3639 3818 0
3639 3884 0
3705 3818 0
3705 3884 0
3771 3820 0
3771 3886 0
3837 3820 0
3837 3886 0
1658 3854 0
1658 3920 0
1724 3854 0
1724 3920 0
3704 3885 0
3704 3951 0
3770 3885 0
3770 3951 0
3836 3887 0
3836 3953 0
3902 3887 0
3902 3953 0
1723 3921 0
1723 3987 0
1789 3921 0
1789 3987 0
3769 3952 0
3769 4018 0
3835 3952 0
3835 4018 0
3901 3954 0
3901 4020 0
3967 3954 0
3967 4020 0
1788 3988 0
1788 4054 0
1854 3988 0
1854 4054 0
3834 4019 0
3834 4085 0
3900 4019 0
3900 4085 0
3966 4021 0
3966 4087 0
4032 4021 0
4032 4087 0
1853 4055 0
1853 4121 0
1919 4055 0
1919 4121 0
3899 4086 0
3899 4152 0
3965 4086 0
3965 4152 0
4031 4088 0
4031 4154 0
4097 4088 0
4097 4154 0
1918 4122 0
1918 4188 0
1984 4122 0
1984 4188 0
3964 4153 0
3964 4219 0
4030 4153 0
4030 4219 0
4096 4155 0
4096 4221 0
4162 4155 0
4162 4221 0
1983 4189 0
1983 4255 0
2049 4189 0
2049 4255 0
4029 4220 0
4029 4286 0
4095 4220 0
4095 4286 0
4161 4222 0
4161 4288 0
4227 4222 0
4227 4288 0
2048 4256 0
2048 4322 0
2114 4256 0
2114 4322 0
4094 4287 0
4094 4353 0
4160 4287 0
4160 4353 0
4226 4289 0
4226 4355 0
4292 4289 0
4292 4355 0
2113 4323 0
2113 4389 0
2179 4323 0
2179 4389 0
4159 4354 0
4159 4420 0
4225 4354 0
4225 4420 0
