c
c starts with comments 
c
p cnf 7200 25200
60 0
120 0
60 120 0
120 0
180 0
120 180 0
180 0
240 0
180 240 0
240 0
300 0
240 300 0
300 0
360 0
300 360 0
360 0
420 0
360 420 0
420 0
480 0
420 480 0
480 0
540 0
480 540 0
540 0
600 0
540 600 0
600 0
660 0
600 660 0
660 0
720 0
660 720 0
720 0
780 0
720 780 0
780 0
840 0
780 840 0
840 0
900 0
840 900 0
900 0
960 0
900 960 0
960 0
1020 0
960 1020 0
1020 0
1080 0
1020 1080 0
1080 0
1140 0
1080 1140 0
1140 0
1200 0
1140 1200 0
1200 0
1260 0
1200 1260 0
1260 0
1320 0
1260 1320 0
1320 0
1380 0
1320 1380 0
1380 0
1440 0
1380 1440 0
1440 0
1500 0
1440 1500 0
1500 0
1560 0
1500 1560 0
1560 0
1620 0
1560 1620 0
1620 0
1680 0
1620 1680 0
1680 0
1740 0
1680 1740 0
1740 0
1800 0
1740 1800 0
1 0
61 0
-1 61 0
121 0
181 0
119 181 0
181 0
241 0
179 241 0
241 0
301 0
239 301 0
301 0
361 0
299 361 0
361 0
421 0
359 421 0
421 0
481 0
419 481 0
481 0
541 0
479 541 0
541 0
601 0
539 601 0
601 0
661 0
599 661 0
661 0
721 0
659 721 0
721 0
781 0
719 781 0
781 0
841 0
779 841 0
841 0
901 0
839 901 0
901 0
961 0
899 961 0
961 0
1021 0
959 1021 0
1021 0
1081 0
1019 1081 0
1081 0
1141 0
1079 1141 0
1141 0
1201 0
1139 1201 0
1201 0
1261 0
1199 1261 0
1261 0
1321 0
1259 1321 0
1321 0
1381 0
1319 1381 0
1381 0
1441 0
1379 1441 0
1441 0
1501 0
1439 1501 0
1501 0
1561 0
1499 1561 0
1561 0
1621 0
1559 1621 0
1621 0
1681 0
1619 1681 0
1681 0
1741 0
1679 1741 0
1741 0
1801 0
1739 1801 0
1801 0
1861 0
1799 1861 0
2 0
62 0
-2 62 0
62 0
122 0
58 122 0
182 0
242 0
178 242 0
242 0
302 0
238 302 0
302 0
362 0
298 362 0
362 0
422 0
358 422 0
422 0
482 0
418 482 0
482 0
542 0
478 542 0
542 0
602 0
538 602 0
602 0
662 0
598 662 0
662 0
722 0
658 722 0
722 0
782 0
718 782 0
782 0
842 0
778 842 0
842 0
902 0
838 902 0
902 0
962 0
898 962 0
962 0
1022 0
958 1022 0
1022 0
1082 0
1018 1082 0
1082 0
1142 0
1078 1142 0
1142 0
1202 0
1138 1202 0
1202 0
1262 0
1198 1262 0
1262 0
1322 0
1258 1322 0
1322 0
1382 0
1318 1382 0
1382 0
1442 0
1378 1442 0
1442 0
1502 0
1438 1502 0
1502 0
1562 0
1498 1562 0
1562 0
1622 0
1558 1622 0
1622 0
1682 0
1618 1682 0
1682 0
1742 0
1678 1742 0
1742 0
1802 0
1738 1802 0
1802 0
1862 0
1798 1862 0
1862 0
1922 0
1858 1922 0
3 0
63 0
-3 63 0
63 0
123 0
57 123 0
123 0
183 0
117 183 0
243 0
303 0
237 303 0
303 0
363 0
297 363 0
363 0
423 0
357 423 0
423 0
483 0
417 483 0
483 0
543 0
477 543 0
543 0
603 0
537 603 0
603 0
663 0
597 663 0
663 0
723 0
657 723 0
723 0
783 0
717 783 0
783 0
843 0
777 843 0
843 0
903 0
837 903 0
903 0
963 0
897 963 0
963 0
1023 0
957 1023 0
1023 0
1083 0
1017 1083 0
1083 0
1143 0
1077 1143 0
1143 0
1203 0
1137 1203 0
1203 0
1263 0
1197 1263 0
1263 0
1323 0
1257 1323 0
1323 0
1383 0
1317 1383 0
1383 0
1443 0
1377 1443 0
1443 0
1503 0
1437 1503 0
1503 0
1563 0
1497 1563 0
1563 0
1623 0
1557 1623 0
1623 0
1683 0
1617 1683 0
1683 0
1743 0
1677 1743 0
1743 0
1803 0
1737 1803 0
1803 0
1863 0
1797 1863 0
1923 0
1983 0
1917 1983 0
4 0
64 0
-4 64 0
64 0
124 0
56 124 0
124 0
184 0
116 184 0
184 0
244 0
176 244 0
304 0
364 0
296 364 0
364 0
424 0
356 424 0
424 0
484 0
416 484 0
484 0
544 0
476 544 0
544 0
604 0
536 604 0
604 0
664 0
596 664 0
664 0
724 0
656 724 0
724 0
784 0
716 784 0
784 0
844 0
776 844 0
844 0
904 0
836 904 0
904 0
964 0
896 964 0
964 0
1024 0
956 1024 0
1024 0
1084 0
1016 1084 0
1084 0
1144 0
1076 1144 0
1144 0
1204 0
1136 1204 0
1204 0
1264 0
1196 1264 0
1264 0
1324 0
1256 1324 0
1324 0
1384 0
1316 1384 0
1384 0
1444 0
1376 1444 0
1444 0
1504 0
1436 1504 0
1504 0
1564 0
1496 1564 0
1564 0
1624 0
1556 1624 0
1624 0
1684 0
1616 1684 0
1684 0
1744 0
1676 1744 0
1744 0
1804 0
1736 1804 0
1804 0
1864 0
1796 1864 0
1984 0
2044 0
1976 2044 0
5 0
65 0
-5 65 0
65 0
125 0
55 125 0
125 0
185 0
115 185 0
185 0
245 0
175 245 0
245 0
305 0
235 305 0
365 0
425 0
355 425 0
425 0
485 0
415 485 0
485 0
545 0
475 545 0
545 0
605 0
535 605 0
605 0
665 0
595 665 0
665 0
725 0
655 725 0
725 0
785 0
715 785 0
785 0
845 0
775 845 0
845 0
905 0
835 905 0
905 0
965 0
895 965 0
965 0
1025 0
955 1025 0
1025 0
1085 0
1015 1085 0
1085 0
1145 0
1075 1145 0
1145 0
1205 0
1135 1205 0
1205 0
1265 0
1195 1265 0
1265 0
1325 0
1255 1325 0
1325 0
1385 0
1315 1385 0
1385 0
1445 0
1375 1445 0
1445 0
1505 0
1435 1505 0
1505 0
1565 0
1495 1565 0
1565 0
1625 0
1555 1625 0
1625 0
1685 0
1615 1685 0
1685 0
1745 0
1675 1745 0
1745 0
1805 0
1735 1805 0
1805 0
1865 0
1795 1865 0
2045 0
2105 0
2035 2105 0
6 0
66 0
-6 66 0
66 0
126 0
54 126 0
126 0
186 0
114 186 0
186 0
246 0
174 246 0
246 0
306 0
234 306 0
306 0
366 0
294 366 0
426 0
486 0
414 486 0
486 0
546 0
474 546 0
546 0
606 0
534 606 0
606 0
666 0
594 666 0
666 0
726 0
654 726 0
726 0
786 0
714 786 0
786 0
846 0
774 846 0
846 0
906 0
834 906 0
906 0
966 0
894 966 0
966 0
1026 0
954 1026 0
1026 0
1086 0
1014 1086 0
1086 0
1146 0
1074 1146 0
1146 0
1206 0
1134 1206 0
1206 0
1266 0
1194 1266 0
1266 0
1326 0
1254 1326 0
1326 0
1386 0
1314 1386 0
1386 0
1446 0
1374 1446 0
1446 0
1506 0
1434 1506 0
1506 0
1566 0
1494 1566 0
1566 0
1626 0
1554 1626 0
1626 0
1686 0
1614 1686 0
1686 0
1746 0
1674 1746 0
1746 0
1806 0
1734 1806 0
1806 0
1866 0
1794 1866 0
2106 0
2166 0
2094 2166 0
7 0
67 0
-7 67 0
67 0
127 0
53 127 0
127 0
187 0
113 187 0
187 0
247 0
173 247 0
247 0
307 0
233 307 0
307 0
367 0
293 367 0
367 0
427 0
353 427 0
487 0
547 0
473 547 0
547 0
607 0
533 607 0
607 0
667 0
593 667 0
667 0
727 0
653 727 0
727 0
787 0
713 787 0
787 0
847 0
773 847 0
847 0
907 0
833 907 0
907 0
967 0
893 967 0
967 0
1027 0
953 1027 0
1027 0
1087 0
1013 1087 0
1087 0
1147 0
1073 1147 0
1147 0
1207 0
1133 1207 0
1207 0
1267 0
1193 1267 0
1267 0
1327 0
1253 1327 0
1327 0
1387 0
1313 1387 0
1387 0
1447 0
1373 1447 0
1447 0
1507 0
1433 1507 0
1507 0
1567 0
1493 1567 0
1567 0
1627 0
1553 1627 0
1627 0
1687 0
1613 1687 0
1687 0
1747 0
1673 1747 0
1747 0
1807 0
1733 1807 0
1807 0
1867 0
1793 1867 0
2167 0
2227 0
2153 2227 0
8 0
68 0
-8 68 0
68 0
128 0
52 128 0
128 0
188 0
112 188 0
188 0
248 0
172 248 0
248 0
308 0
232 308 0
308 0
368 0
292 368 0
368 0
428 0
352 428 0
428 0
488 0
412 488 0
548 0
608 0
532 608 0
608 0
668 0
592 668 0
668 0
728 0
652 728 0
728 0
788 0
712 788 0
788 0
848 0
772 848 0
848 0
908 0
832 908 0
908 0
968 0
892 968 0
968 0
1028 0
952 1028 0
1028 0
1088 0
1012 1088 0
1088 0
1148 0
1072 1148 0
1148 0
1208 0
1132 1208 0
1208 0
1268 0
1192 1268 0
1268 0
1328 0
1252 1328 0
1328 0
1388 0
1312 1388 0
1388 0
1448 0
1372 1448 0
1448 0
1508 0
1432 1508 0
1508 0
1568 0
1492 1568 0
1568 0
1628 0
1552 1628 0
1628 0
1688 0
1612 1688 0
1688 0
1748 0
1672 1748 0
1748 0
1808 0
1732 1808 0
1808 0
1868 0
1792 1868 0
2228 0
2288 0
2212 2288 0
9 0
69 0
-9 69 0
69 0
129 0
51 129 0
129 0
189 0
111 189 0
189 0
249 0
171 249 0
249 0
309 0
231 309 0
309 0
369 0
291 369 0
369 0
429 0
351 429 0
429 0
489 0
411 489 0
489 0
549 0
471 549 0
609 0
669 0
591 669 0
669 0
729 0
651 729 0
729 0
789 0
711 789 0
789 0
849 0
771 849 0
849 0
909 0
831 909 0
909 0
969 0
891 969 0
969 0
1029 0
951 1029 0
1029 0
1089 0
1011 1089 0
1089 0
1149 0
1071 1149 0
1149 0
1209 0
1131 1209 0
1209 0
1269 0
1191 1269 0
1269 0
1329 0
1251 1329 0
1329 0
1389 0
1311 1389 0
1389 0
1449 0
1371 1449 0
1449 0
1509 0
1431 1509 0
1509 0
1569 0
1491 1569 0
1569 0
1629 0
1551 1629 0
1629 0
1689 0
1611 1689 0
1689 0
1749 0
1671 1749 0
1749 0
1809 0
1731 1809 0
1809 0
1869 0
1791 1869 0
2289 0
2349 0
2271 2349 0
10 0
70 0
-10 70 0
70 0
130 0
50 130 0
130 0
190 0
110 190 0
190 0
250 0
170 250 0
250 0
310 0
230 310 0
310 0
370 0
290 370 0
370 0
430 0
350 430 0
430 0
490 0
410 490 0
490 0
550 0
470 550 0
550 0
610 0
530 610 0
670 0
730 0
650 730 0
730 0
790 0
710 790 0
790 0
850 0
770 850 0
850 0
910 0
830 910 0
910 0
970 0
890 970 0
970 0
1030 0
950 1030 0
1030 0
1090 0
1010 1090 0
1090 0
1150 0
1070 1150 0
1150 0
1210 0
1130 1210 0
1210 0
1270 0
1190 1270 0
1270 0
1330 0
1250 1330 0
1330 0
1390 0
1310 1390 0
1390 0
1450 0
1370 1450 0
1450 0
1510 0
1430 1510 0
1510 0
1570 0
1490 1570 0
1570 0
1630 0
1550 1630 0
1630 0
1690 0
1610 1690 0
1690 0
1750 0
1670 1750 0
1750 0
1810 0
1730 1810 0
1810 0
1870 0
1790 1870 0
2350 0
2410 0
2330 2410 0
11 0
71 0
-11 71 0
71 0
131 0
49 131 0
131 0
191 0
109 191 0
191 0
251 0
169 251 0
251 0
311 0
229 311 0
311 0
371 0
289 371 0
371 0
431 0
349 431 0
431 0
491 0
409 491 0
491 0
551 0
469 551 0
551 0
611 0
529 611 0
611 0
671 0
589 671 0
731 0
791 0
709 791 0
791 0
851 0
769 851 0
851 0
911 0
829 911 0
911 0
971 0
889 971 0
971 0
1031 0
949 1031 0
1031 0
1091 0
1009 1091 0
1091 0
1151 0
1069 1151 0
1151 0
1211 0
1129 1211 0
1211 0
1271 0
1189 1271 0
1271 0
1331 0
1249 1331 0
1331 0
1391 0
1309 1391 0
1391 0
1451 0
1369 1451 0
1451 0
1511 0
1429 1511 0
1511 0
1571 0
1489 1571 0
1571 0
1631 0
1549 1631 0
1631 0
1691 0
1609 1691 0
1691 0
1751 0
1669 1751 0
1751 0
1811 0
1729 1811 0
1811 0
1871 0
1789 1871 0
2411 0
2471 0
2389 2471 0
12 0
72 0
-12 72 0
72 0
132 0
48 132 0
132 0
192 0
108 192 0
192 0
252 0
168 252 0
252 0
312 0
228 312 0
312 0
372 0
288 372 0
372 0
432 0
348 432 0
432 0
492 0
408 492 0
492 0
552 0
468 552 0
552 0
612 0
528 612 0
612 0
672 0
588 672 0
672 0
732 0
648 732 0
792 0
852 0
768 852 0
852 0
912 0
828 912 0
912 0
972 0
888 972 0
972 0
1032 0
948 1032 0
1032 0
1092 0
1008 1092 0
1092 0
1152 0
1068 1152 0
1152 0
1212 0
1128 1212 0
1212 0
1272 0
1188 1272 0
1272 0
1332 0
1248 1332 0
1332 0
1392 0
1308 1392 0
1392 0
1452 0
1368 1452 0
1452 0
1512 0
1428 1512 0
1512 0
1572 0
1488 1572 0
1572 0
1632 0
1548 1632 0
1632 0
1692 0
1608 1692 0
1692 0
1752 0
1668 1752 0
1752 0
1812 0
1728 1812 0
1812 0
1872 0
1788 1872 0
2472 0
2532 0
2448 2532 0
13 0
73 0
-13 73 0
73 0
133 0
47 133 0
133 0
193 0
107 193 0
193 0
253 0
167 253 0
253 0
313 0
227 313 0
313 0
373 0
287 373 0
373 0
433 0
347 433 0
433 0
493 0
407 493 0
493 0
553 0
467 553 0
553 0
613 0
527 613 0
613 0
673 0
587 673 0
673 0
733 0
647 733 0
733 0
793 0
707 793 0
853 0
913 0
827 913 0
913 0
973 0
887 973 0
973 0
1033 0
947 1033 0
1033 0
1093 0
1007 1093 0
1093 0
1153 0
1067 1153 0
1153 0
1213 0
1127 1213 0
1213 0
1273 0
1187 1273 0
1273 0
1333 0
1247 1333 0
1333 0
1393 0
1307 1393 0
1393 0
1453 0
1367 1453 0
1453 0
1513 0
1427 1513 0
1513 0
1573 0
1487 1573 0
1573 0
1633 0
1547 1633 0
1633 0
1693 0
1607 1693 0
1693 0
1753 0
1667 1753 0
1753 0
1813 0
1727 1813 0
1813 0
1873 0
1787 1873 0
2533 0
2593 0
2507 2593 0
14 0
74 0
-14 74 0
74 0
134 0
46 134 0
134 0
194 0
106 194 0
194 0
254 0
166 254 0
254 0
314 0
226 314 0
314 0
374 0
286 374 0
374 0
434 0
346 434 0
434 0
494 0
406 494 0
494 0
554 0
466 554 0
554 0
614 0
526 614 0
614 0
674 0
586 674 0
674 0
734 0
646 734 0
734 0
794 0
706 794 0
794 0
854 0
766 854 0
914 0
974 0
886 974 0
974 0
1034 0
946 1034 0
1034 0
1094 0
1006 1094 0
1094 0
1154 0
1066 1154 0
1154 0
1214 0
1126 1214 0
1214 0
1274 0
1186 1274 0
1274 0
1334 0
1246 1334 0
1334 0
1394 0
1306 1394 0
1394 0
1454 0
1366 1454 0
1454 0
1514 0
1426 1514 0
1514 0
1574 0
1486 1574 0
1574 0
1634 0
1546 1634 0
1634 0
1694 0
1606 1694 0
1694 0
1754 0
1666 1754 0
1754 0
1814 0
1726 1814 0
1814 0
1874 0
1786 1874 0
2594 0
2654 0
2566 2654 0
15 0
75 0
-15 75 0
75 0
135 0
45 135 0
135 0
195 0
105 195 0
195 0
255 0
165 255 0
255 0
315 0
225 315 0
315 0
375 0
285 375 0
375 0
435 0
345 435 0
435 0
495 0
405 495 0
495 0
555 0
465 555 0
555 0
615 0
525 615 0
615 0
675 0
585 675 0
675 0
735 0
645 735 0
735 0
795 0
705 795 0
795 0
855 0
765 855 0
855 0
915 0
825 915 0
975 0
1035 0
945 1035 0
1035 0
1095 0
1005 1095 0
1095 0
1155 0
1065 1155 0
1155 0
1215 0
1125 1215 0
1215 0
1275 0
1185 1275 0
1275 0
1335 0
1245 1335 0
1335 0
1395 0
1305 1395 0
1395 0
1455 0
1365 1455 0
1455 0
1515 0
1425 1515 0
1515 0
1575 0
1485 1575 0
1575 0
1635 0
1545 1635 0
1635 0
1695 0
1605 1695 0
1695 0
1755 0
1665 1755 0
1755 0
1815 0
1725 1815 0
1815 0
1875 0
1785 1875 0
2655 0
2715 0
2625 2715 0
16 0
76 0
-16 76 0
76 0
136 0
44 136 0
136 0
196 0
104 196 0
196 0
256 0
164 256 0
256 0
316 0
224 316 0
316 0
376 0
284 376 0
376 0
436 0
344 436 0
436 0
496 0
404 496 0
496 0
556 0
464 556 0
556 0
616 0
524 616 0
616 0
676 0
584 676 0
676 0
736 0
644 736 0
736 0
796 0
704 796 0
796 0
856 0
764 856 0
856 0
916 0
824 916 0
916 0
976 0
884 976 0
1036 0
1096 0
1004 1096 0
1096 0
1156 0
1064 1156 0
1156 0
1216 0
1124 1216 0
1216 0
1276 0
1184 1276 0
1276 0
1336 0
1244 1336 0
1336 0
1396 0
1304 1396 0
1396 0
1456 0
1364 1456 0
1456 0
1516 0
1424 1516 0
1516 0
1576 0
1484 1576 0
1576 0
1636 0
1544 1636 0
1636 0
1696 0
1604 1696 0
1696 0
1756 0
1664 1756 0
1756 0
1816 0
1724 1816 0
1816 0
1876 0
1784 1876 0
2716 0
2776 0
2684 2776 0
17 0
77 0
-17 77 0
77 0
137 0
43 137 0
137 0
197 0
103 197 0
197 0
257 0
163 257 0
257 0
317 0
223 317 0
317 0
377 0
283 377 0
377 0
437 0
343 437 0
437 0
497 0
403 497 0
497 0
557 0
463 557 0
557 0
617 0
523 617 0
617 0
677 0
583 677 0
677 0
737 0
643 737 0
737 0
797 0
703 797 0
797 0
857 0
763 857 0
857 0
917 0
823 917 0
917 0
977 0
883 977 0
977 0
1037 0
943 1037 0
1097 0
1157 0
1063 1157 0
1157 0
1217 0
1123 1217 0
1217 0
1277 0
1183 1277 0
1277 0
1337 0
1243 1337 0
1337 0
1397 0
1303 1397 0
1397 0
1457 0
1363 1457 0
1457 0
1517 0
1423 1517 0
1517 0
1577 0
1483 1577 0
1577 0
1637 0
1543 1637 0
1637 0
1697 0
1603 1697 0
1697 0
1757 0
1663 1757 0
1757 0
1817 0
1723 1817 0
1817 0
1877 0
1783 1877 0
2777 0
2837 0
2743 2837 0
18 0
78 0
-18 78 0
78 0
138 0
42 138 0
138 0
198 0
102 198 0
198 0
258 0
162 258 0
258 0
318 0
222 318 0
318 0
378 0
282 378 0
378 0
438 0
342 438 0
438 0
498 0
402 498 0
498 0
558 0
462 558 0
558 0
618 0
522 618 0
618 0
678 0
582 678 0
678 0
738 0
642 738 0
738 0
798 0
702 798 0
798 0
858 0
762 858 0
858 0
918 0
822 918 0
918 0
978 0
882 978 0
978 0
1038 0
942 1038 0
1038 0
1098 0
1002 1098 0
1158 0
1218 0
1122 1218 0
1218 0
1278 0
1182 1278 0
1278 0
1338 0
1242 1338 0
1338 0
1398 0
1302 1398 0
1398 0
1458 0
1362 1458 0
1458 0
1518 0
1422 1518 0
1518 0
1578 0
1482 1578 0
1578 0
1638 0
1542 1638 0
1638 0
1698 0
1602 1698 0
1698 0
1758 0
1662 1758 0
1758 0
1818 0
1722 1818 0
1818 0
1878 0
1782 1878 0
2838 0
2898 0
2802 2898 0
19 0
79 0
-19 79 0
79 0
139 0
41 139 0
139 0
199 0
101 199 0
199 0
259 0
161 259 0
259 0
319 0
221 319 0
319 0
379 0
281 379 0
379 0
439 0
341 439 0
439 0
499 0
401 499 0
499 0
559 0
461 559 0
559 0
619 0
521 619 0
619 0
679 0
581 679 0
679 0
739 0
641 739 0
739 0
799 0
701 799 0
799 0
859 0
761 859 0
859 0
919 0
821 919 0
919 0
979 0
881 979 0
979 0
1039 0
941 1039 0
1039 0
1099 0
1001 1099 0
1099 0
1159 0
1061 1159 0
1219 0
1279 0
1181 1279 0
1279 0
1339 0
1241 1339 0
1339 0
1399 0
1301 1399 0
1399 0
1459 0
1361 1459 0
1459 0
1519 0
1421 1519 0
1519 0
1579 0
1481 1579 0
1579 0
1639 0
1541 1639 0
1639 0
1699 0
1601 1699 0
1699 0
1759 0
1661 1759 0
1759 0
1819 0
1721 1819 0
1819 0
1879 0
1781 1879 0
2899 0
2959 0
2861 2959 0
20 0
80 0
-20 80 0
80 0
140 0
40 140 0
140 0
200 0
100 200 0
200 0
260 0
160 260 0
260 0
320 0
220 320 0
320 0
380 0
280 380 0
380 0
440 0
340 440 0
440 0
500 0
400 500 0
500 0
560 0
460 560 0
560 0
620 0
520 620 0
620 0
680 0
580 680 0
680 0
740 0
640 740 0
740 0
800 0
700 800 0
800 0
860 0
760 860 0
860 0
920 0
820 920 0
920 0
980 0
880 980 0
980 0
1040 0
940 1040 0
1040 0
1100 0
1000 1100 0
1100 0
1160 0
1060 1160 0
1160 0
1220 0
1120 1220 0
1280 0
1340 0
1240 1340 0
1340 0
1400 0
1300 1400 0
1400 0
1460 0
1360 1460 0
1460 0
1520 0
1420 1520 0
1520 0
1580 0
1480 1580 0
1580 0
1640 0
1540 1640 0
1640 0
1700 0
1600 1700 0
1700 0
1760 0
1660 1760 0
1760 0
1820 0
1720 1820 0
1820 0
1880 0
1780 1880 0
2960 0
3020 0
2920 3020 0
21 0
81 0
-21 81 0
81 0
141 0
39 141 0
141 0
201 0
99 201 0
201 0
261 0
159 261 0
261 0
321 0
219 321 0
321 0
381 0
279 381 0
381 0
441 0
339 441 0
441 0
501 0
399 501 0
501 0
561 0
459 561 0
561 0
621 0
519 621 0
621 0
681 0
579 681 0
681 0
741 0
639 741 0
741 0
801 0
699 801 0
801 0
861 0
759 861 0
861 0
921 0
819 921 0
921 0
981 0
879 981 0
981 0
1041 0
939 1041 0
1041 0
1101 0
999 1101 0
1101 0
1161 0
1059 1161 0
1161 0
1221 0
1119 1221 0
1221 0
1281 0
1179 1281 0
1341 0
1401 0
1299 1401 0
1401 0
1461 0
1359 1461 0
1461 0
1521 0
1419 1521 0
1521 0
1581 0
1479 1581 0
1581 0
1641 0
1539 1641 0
1641 0
1701 0
1599 1701 0
1701 0
1761 0
1659 1761 0
1761 0
1821 0
1719 1821 0
1821 0
1881 0
1779 1881 0
3021 0
3081 0
2979 3081 0
22 0
82 0
-22 82 0
82 0
142 0
38 142 0
142 0
202 0
98 202 0
202 0
262 0
158 262 0
262 0
322 0
218 322 0
322 0
382 0
278 382 0
382 0
442 0
338 442 0
442 0
502 0
398 502 0
502 0
562 0
458 562 0
562 0
622 0
518 622 0
622 0
682 0
578 682 0
682 0
742 0
638 742 0
742 0
802 0
698 802 0
802 0
862 0
758 862 0
862 0
922 0
818 922 0
922 0
982 0
878 982 0
982 0
1042 0
938 1042 0
1042 0
1102 0
998 1102 0
1102 0
1162 0
1058 1162 0
1162 0
1222 0
1118 1222 0
1222 0
1282 0
1178 1282 0
1282 0
1342 0
1238 1342 0
1402 0
1462 0
1358 1462 0
1462 0
1522 0
1418 1522 0
1522 0
1582 0
1478 1582 0
1582 0
1642 0
1538 1642 0
1642 0
1702 0
1598 1702 0
1702 0
1762 0
1658 1762 0
1762 0
1822 0
1718 1822 0
1822 0
1882 0
1778 1882 0
3082 0
3142 0
3038 3142 0
23 0
83 0
-23 83 0
83 0
143 0
37 143 0
143 0
203 0
97 203 0
203 0
263 0
157 263 0
263 0
323 0
217 323 0
323 0
383 0
277 383 0
383 0
443 0
337 443 0
443 0
503 0
397 503 0
503 0
563 0
457 563 0
563 0
623 0
517 623 0
623 0
683 0
577 683 0
683 0
743 0
637 743 0
743 0
803 0
697 803 0
803 0
863 0
757 863 0
863 0
923 0
817 923 0
923 0
983 0
877 983 0
983 0
1043 0
937 1043 0
1043 0
1103 0
997 1103 0
1103 0
1163 0
1057 1163 0
1163 0
1223 0
1117 1223 0
1223 0
1283 0
1177 1283 0
1283 0
1343 0
1237 1343 0
1343 0
1403 0
1297 1403 0
1463 0
1523 0
1417 1523 0
1523 0
1583 0
1477 1583 0
1583 0
1643 0
1537 1643 0
1643 0
1703 0
1597 1703 0
1703 0
1763 0
1657 1763 0
1763 0
1823 0
1717 1823 0
1823 0
1883 0
1777 1883 0
3143 0
3203 0
3097 3203 0
24 0
84 0
-24 84 0
84 0
144 0
36 144 0
144 0
204 0
96 204 0
204 0
264 0
156 264 0
264 0
324 0
216 324 0
324 0
384 0
276 384 0
384 0
444 0
336 444 0
444 0
504 0
396 504 0
504 0
564 0
456 564 0
564 0
624 0
516 624 0
624 0
684 0
576 684 0
684 0
744 0
636 744 0
744 0
804 0
696 804 0
804 0
864 0
756 864 0
864 0
924 0
816 924 0
924 0
984 0
876 984 0
984 0
1044 0
936 1044 0
1044 0
1104 0
996 1104 0
1104 0
1164 0
1056 1164 0
1164 0
1224 0
1116 1224 0
1224 0
1284 0
1176 1284 0
1284 0
1344 0
1236 1344 0
1344 0
1404 0
1296 1404 0
1404 0
1464 0
1356 1464 0
1524 0
1584 0
1476 1584 0
1584 0
1644 0
1536 1644 0
1644 0
1704 0
1596 1704 0
1704 0
1764 0
1656 1764 0
1764 0
1824 0
1716 1824 0
1824 0
1884 0
1776 1884 0
3204 0
3264 0
3156 3264 0
25 0
85 0
-25 85 0
85 0
145 0
35 145 0
145 0
205 0
95 205 0
205 0
265 0
155 265 0
265 0
325 0
215 325 0
325 0
385 0
275 385 0
385 0
445 0
335 445 0
445 0
505 0
395 505 0
505 0
565 0
455 565 0
565 0
625 0
515 625 0
625 0
685 0
575 685 0
685 0
745 0
635 745 0
745 0
805 0
695 805 0
805 0
865 0
755 865 0
865 0
925 0
815 925 0
925 0
985 0
875 985 0
985 0
1045 0
935 1045 0
1045 0
1105 0
995 1105 0
1105 0
1165 0
1055 1165 0
1165 0
1225 0
1115 1225 0
1225 0
1285 0
1175 1285 0
1285 0
1345 0
1235 1345 0
1345 0
1405 0
1295 1405 0
1405 0
1465 0
1355 1465 0
1465 0
1525 0
1415 1525 0
1585 0
1645 0
1535 1645 0
1645 0
1705 0
1595 1705 0
1705 0
1765 0
1655 1765 0
1765 0
1825 0
1715 1825 0
1825 0
1885 0
1775 1885 0
3265 0
3325 0
3215 3325 0
26 0
86 0
-26 86 0
86 0
146 0
34 146 0
146 0
206 0
94 206 0
206 0
266 0
154 266 0
266 0
326 0
214 326 0
326 0
386 0
274 386 0
386 0
446 0
334 446 0
446 0
506 0
394 506 0
506 0
566 0
454 566 0
566 0
626 0
514 626 0
626 0
686 0
574 686 0
686 0
746 0
634 746 0
746 0
806 0
694 806 0
806 0
866 0
754 866 0
866 0
926 0
814 926 0
926 0
986 0
874 986 0
986 0
1046 0
934 1046 0
1046 0
1106 0
994 1106 0
1106 0
1166 0
1054 1166 0
1166 0
1226 0
1114 1226 0
1226 0
1286 0
1174 1286 0
1286 0
1346 0
1234 1346 0
1346 0
1406 0
1294 1406 0
1406 0
1466 0
1354 1466 0
1466 0
1526 0
1414 1526 0
1526 0
1586 0
1474 1586 0
1646 0
1706 0
1594 1706 0
1706 0
1766 0
1654 1766 0
1766 0
1826 0
1714 1826 0
1826 0
1886 0
1774 1886 0
3326 0
3386 0
3274 3386 0
27 0
87 0
-27 87 0
87 0
147 0
33 147 0
147 0
207 0
93 207 0
207 0
267 0
153 267 0
267 0
327 0
213 327 0
327 0
387 0
273 387 0
387 0
447 0
333 447 0
447 0
507 0
393 507 0
507 0
567 0
453 567 0
567 0
627 0
513 627 0
627 0
687 0
573 687 0
687 0
747 0
633 747 0
747 0
807 0
693 807 0
807 0
867 0
753 867 0
867 0
927 0
813 927 0
927 0
987 0
873 987 0
987 0
1047 0
933 1047 0
1047 0
1107 0
993 1107 0
1107 0
1167 0
1053 1167 0
1167 0
1227 0
1113 1227 0
1227 0
1287 0
1173 1287 0
1287 0
1347 0
1233 1347 0
1347 0
1407 0
1293 1407 0
1407 0
1467 0
1353 1467 0
1467 0
1527 0
1413 1527 0
1527 0
1587 0
1473 1587 0
1587 0
1647 0
1533 1647 0
1707 0
1767 0
1653 1767 0
1767 0
1827 0
1713 1827 0
1827 0
1887 0
1773 1887 0
3387 0
3447 0
3333 3447 0
28 0
88 0
-28 88 0
88 0
148 0
32 148 0
148 0
208 0
92 208 0
208 0
268 0
152 268 0
268 0
328 0
212 328 0
328 0
388 0
272 388 0
388 0
448 0
332 448 0
448 0
508 0
392 508 0
508 0
568 0
452 568 0
568 0
628 0
512 628 0
628 0
688 0
572 688 0
688 0
748 0
632 748 0
748 0
808 0
692 808 0
808 0
868 0
752 868 0
868 0
928 0
812 928 0
928 0
988 0
872 988 0
988 0
1048 0
932 1048 0
1048 0
1108 0
992 1108 0
1108 0
1168 0
1052 1168 0
1168 0
1228 0
1112 1228 0
1228 0
1288 0
1172 1288 0
1288 0
1348 0
1232 1348 0
1348 0
1408 0
1292 1408 0
1408 0
1468 0
1352 1468 0
1468 0
1528 0
1412 1528 0
1528 0
1588 0
1472 1588 0
1588 0
1648 0
1532 1648 0
1648 0
1708 0
1592 1708 0
1768 0
1828 0
1712 1828 0
1828 0
1888 0
1772 1888 0
3448 0
3508 0
3392 3508 0
29 0
89 0
-29 89 0
89 0
149 0
31 149 0
149 0
209 0
91 209 0
209 0
269 0
151 269 0
269 0
329 0
211 329 0
329 0
389 0
271 389 0
389 0
449 0
331 449 0
449 0
509 0
391 509 0
509 0
569 0
451 569 0
569 0
629 0
511 629 0
629 0
689 0
571 689 0
689 0
749 0
631 749 0
749 0
809 0
691 809 0
809 0
869 0
751 869 0
869 0
929 0
811 929 0
929 0
989 0
871 989 0
989 0
1049 0
931 1049 0
1049 0
1109 0
991 1109 0
1109 0
1169 0
1051 1169 0
1169 0
1229 0
1111 1229 0
1229 0
1289 0
1171 1289 0
1289 0
1349 0
1231 1349 0
1349 0
1409 0
1291 1409 0
1409 0
1469 0
1351 1469 0
1469 0
1529 0
1411 1529 0
1529 0
1589 0
1471 1589 0
1589 0
1649 0
1531 1649 0
1649 0
1709 0
1591 1709 0
1709 0
1769 0
1651 1769 0
1829 0
1889 0
1771 1889 0
3509 0
3569 0
3451 3569 0
90 0
150 0
30 150 0
150 0
210 0
90 210 0
210 0
270 0
150 270 0
270 0
330 0
210 330 0
330 0
390 0
270 390 0
390 0
450 0
330 450 0
450 0
510 0
390 510 0
510 0
570 0
450 570 0
570 0
630 0
510 630 0
630 0
690 0
570 690 0
690 0
750 0
630 750 0
750 0
810 0
690 810 0
810 0
870 0
750 870 0
870 0
930 0
810 930 0
930 0
990 0
870 990 0
990 0
1050 0
930 1050 0
1050 0
1110 0
990 1110 0
1110 0
1170 0
1050 1170 0
1170 0
1230 0
1110 1230 0
1230 0
1290 0
1170 1290 0
1290 0
1350 0
1230 1350 0
1350 0
1410 0
1290 1410 0
1410 0
1470 0
1350 1470 0
1470 0
1530 0
1410 1530 0
1530 0
1590 0
1470 1590 0
1590 0
1650 0
1530 1650 0
1650 0
1710 0
1590 1710 0
1710 0
1770 0
1650 1770 0
1770 0
1830 0
1710 1830 0
1890 0
1950 0
1830 1950 0
3570 0
3630 0
3510 3630 0
151 0
211 0
89 211 0
1831 0
1891 0
1769 1891 0
1951 0
2011 0
1889 2011 0
212 0
272 0
148 272 0
1892 0
1952 0
1828 1952 0
2012 0
2072 0
1948 2072 0
273 0
333 0
207 333 0
1953 0
2013 0
1887 2013 0
2073 0
2133 0
2007 2133 0
334 0
394 0
266 394 0
2014 0
2074 0
1946 2074 0
2134 0
2194 0
2066 2194 0
395 0
455 0
325 455 0
2075 0
2135 0
2005 2135 0
2195 0
2255 0
2125 2255 0
456 0
516 0
384 516 0
2136 0
2196 0
2064 2196 0
2256 0
2316 0
2184 2316 0
517 0
577 0
443 577 0
2197 0
2257 0
2123 2257 0
2317 0
2377 0
2243 2377 0
578 0
638 0
502 638 0
2258 0
2318 0
2182 2318 0
2378 0
2438 0
2302 2438 0
639 0
699 0
561 699 0
2319 0
2379 0
2241 2379 0
2439 0
2499 0
2361 2499 0
700 0
760 0
620 760 0
2380 0
2440 0
2300 2440 0
2500 0
2560 0
2420 2560 0
761 0
821 0
679 821 0
2441 0
2501 0
2359 2501 0
2561 0
2621 0
2479 2621 0
822 0
882 0
738 882 0
2502 0
2562 0
2418 2562 0
2622 0
2682 0
2538 2682 0
883 0
943 0
797 943 0
2563 0
2623 0
2477 2623 0
2683 0
2743 0
2597 2743 0
944 0
1004 0
856 1004 0
2624 0
2684 0
2536 2684 0
2744 0
2804 0
2656 2804 0
1005 0
1065 0
915 1065 0
2685 0
2745 0
2595 2745 0
2805 0
2865 0
2715 2865 0
1066 0
1126 0
974 1126 0
2746 0
2806 0
2654 2806 0
2866 0
2926 0
2774 2926 0
1127 0
1187 0
1033 1187 0
2807 0
2867 0
2713 2867 0
2927 0
2987 0
2833 2987 0
1188 0
1248 0
1092 1248 0
2868 0
2928 0
2772 2928 0
2988 0
3048 0
2892 3048 0
1249 0
1309 0
1151 1309 0
2929 0
2989 0
2831 2989 0
3049 0
3109 0
2951 3109 0
1310 0
1370 0
1210 1370 0
2990 0
3050 0
2890 3050 0
3110 0
3170 0
3010 3170 0
1371 0
1431 0
1269 1431 0
3051 0
3111 0
2949 3111 0
3171 0
3231 0
3069 3231 0
1432 0
1492 0
1328 1492 0
3112 0
3172 0
3008 3172 0
3232 0
3292 0
3128 3292 0
1493 0
1553 0
1387 1553 0
3173 0
3233 0
3067 3233 0
3293 0
3353 0
3187 3353 0
1554 0
1614 0
1446 1614 0
3234 0
3294 0
3126 3294 0
3354 0
3414 0
3246 3414 0
1615 0
1675 0
1505 1675 0
3295 0
3355 0
3185 3355 0
3415 0
3475 0
3305 3475 0
1676 0
1736 0
1564 1736 0
3356 0
3416 0
3244 3416 0
3476 0
3536 0
3364 3536 0
1737 0
1797 0
1623 1797 0
3417 0
3477 0
3303 3477 0
3537 0
3597 0
3423 3597 0
1798 0
1858 0
1682 1858 0
3478 0
3538 0
3362 3538 0
3598 0
3658 0
3482 3658 0
1859 0
1919 0
1741 1919 0
3539 0
3599 0
3421 3599 0
60 1 0
60 61 0
120 1 0
120 61 0
120 2 0
120 62 0
180 2 0
180 62 0
180 3 0
180 63 0
240 3 0
240 63 0
240 4 0
240 64 0
300 4 0
300 64 0
300 5 0
300 65 0
360 5 0
360 65 0
360 6 0
360 66 0
420 6 0
420 66 0
420 7 0
420 67 0
480 7 0
480 67 0
480 8 0
480 68 0
540 8 0
540 68 0
540 9 0
540 69 0
600 9 0
600 69 0
600 10 0
600 70 0
660 10 0
660 70 0
660 11 0
660 71 0
720 11 0
720 71 0
720 12 0
720 72 0
780 12 0
780 72 0
780 13 0
780 73 0
840 13 0
840 73 0
840 14 0
840 74 0
900 14 0
900 74 0
900 15 0
900 75 0
960 15 0
960 75 0
960 16 0
960 76 0
1020 16 0
1020 76 0
1020 17 0
1020 77 0
1080 17 0
1080 77 0
1080 18 0
1080 78 0
1140 18 0
1140 78 0
1140 19 0
1140 79 0
1200 19 0
1200 79 0
1200 20 0
1200 80 0
1260 20 0
1260 80 0
1260 21 0
1260 81 0
1320 21 0
1320 81 0
1320 22 0
1320 82 0
1380 22 0
1380 82 0
1380 23 0
1380 83 0
1440 23 0
1440 83 0
1440 24 0
1440 84 0
1500 24 0
1500 84 0
1500 25 0
1500 85 0
1560 25 0
1560 85 0
1560 26 0
1560 86 0
1620 26 0
1620 86 0
1620 27 0
1620 87 0
1680 27 0
1680 87 0
1680 28 0
1680 88 0
1740 28 0
1740 88 0
1740 29 0
1740 89 0
1800 29 0
1800 89 0
-1 60 0
-1 120 0
59 60 0
59 120 0
119 62 0
119 122 0
179 62 0
179 122 0
179 63 0
179 123 0
239 63 0
239 123 0
239 64 0
239 124 0
299 64 0
299 124 0
299 65 0
299 125 0
359 65 0
359 125 0
359 66 0
359 126 0
419 66 0
419 126 0
419 67 0
419 127 0
479 67 0
479 127 0
479 68 0
479 128 0
539 68 0
539 128 0
539 69 0
539 129 0
599 69 0
599 129 0
599 70 0
599 130 0
659 70 0
659 130 0
659 71 0
659 131 0
719 71 0
719 131 0
719 72 0
719 132 0
779 72 0
779 132 0
779 73 0
779 133 0
839 73 0
839 133 0
839 74 0
839 134 0
899 74 0
899 134 0
899 75 0
899 135 0
959 75 0
959 135 0
959 76 0
959 136 0
1019 76 0
1019 136 0
1019 77 0
1019 137 0
1079 77 0
1079 137 0
1079 78 0
1079 138 0
1139 78 0
1139 138 0
1139 79 0
1139 139 0
1199 79 0
1199 139 0
1199 80 0
1199 140 0
1259 80 0
1259 140 0
1259 81 0
1259 141 0
1319 81 0
1319 141 0
1319 82 0
1319 142 0
1379 82 0
1379 142 0
1379 83 0
1379 143 0
1439 83 0
1439 143 0
1439 84 0
1439 144 0
1499 84 0
1499 144 0
1499 85 0
1499 145 0
1559 85 0
1559 145 0
1559 86 0
1559 146 0
1619 86 0
1619 146 0
1619 87 0
1619 147 0
1679 87 0
1679 147 0
1679 88 0
1679 148 0
1739 88 0
1739 148 0
1739 89 0
1739 149 0
1799 89 0
1799 149 0
1799 90 0
1799 150 0
1859 90 0
1859 150 0
-2 120 0
-2 180 0
58 120 0
58 180 0
58 121 0
58 181 0
118 121 0
118 181 0
178 123 0
178 183 0
238 123 0
238 183 0
238 124 0
238 184 0
298 124 0
298 184 0
298 125 0
298 185 0
358 125 0
358 185 0
358 126 0
358 186 0
418 126 0
418 186 0
418 127 0
418 187 0
478 127 0
478 187 0
478 128 0
478 188 0
538 128 0
538 188 0
538 129 0
538 189 0
598 129 0
598 189 0
598 130 0
598 190 0
658 130 0
658 190 0
658 131 0
658 191 0
718 131 0
718 191 0
718 132 0
718 192 0
778 132 0
778 192 0
778 133 0
778 193 0
838 133 0
838 193 0
838 134 0
838 194 0
898 134 0
898 194 0
898 135 0
898 195 0
958 135 0
958 195 0
958 136 0
958 196 0
1018 136 0
1018 196 0
1018 137 0
1018 197 0
1078 137 0
1078 197 0
1078 138 0
1078 198 0
1138 138 0
1138 198 0
1138 139 0
1138 199 0
1198 139 0
1198 199 0
1198 140 0
1198 200 0
1258 140 0
1258 200 0
1258 141 0
1258 201 0
1318 141 0
1318 201 0
1318 142 0
1318 202 0
1378 142 0
1378 202 0
1378 143 0
1378 203 0
1438 143 0
1438 203 0
1438 144 0
1438 204 0
1498 144 0
1498 204 0
1498 145 0
1498 205 0
1558 145 0
1558 205 0
1558 146 0
1558 206 0
1618 146 0
1618 206 0
1618 147 0
1618 207 0
1678 147 0
1678 207 0
1678 148 0
1678 208 0
1738 148 0
1738 208 0
1738 149 0
1738 209 0
1798 149 0
1798 209 0
1798 150 0
1798 210 0
1858 150 0
1858 210 0
1858 151 0
1858 211 0
1918 151 0
1918 211 0
-3 180 0
-3 240 0
57 180 0
57 240 0
57 181 0
57 241 0
117 181 0
117 241 0
117 182 0
117 242 0
177 182 0
177 242 0
237 184 0
237 244 0
297 184 0
297 244 0
297 185 0
297 245 0
357 185 0
357 245 0
357 186 0
357 246 0
417 186 0
417 246 0
417 187 0
417 247 0
477 187 0
477 247 0
477 188 0
477 248 0
537 188 0
537 248 0
537 189 0
537 249 0
597 189 0
597 249 0
597 190 0
597 250 0
657 190 0
657 250 0
657 191 0
657 251 0
717 191 0
717 251 0
717 192 0
717 252 0
777 192 0
777 252 0
777 193 0
777 253 0
837 193 0
837 253 0
837 194 0
837 254 0
897 194 0
897 254 0
897 195 0
897 255 0
957 195 0
957 255 0
957 196 0
957 256 0
1017 196 0
1017 256 0
1017 197 0
1017 257 0
1077 197 0
1077 257 0
1077 198 0
1077 258 0
1137 198 0
1137 258 0
1137 199 0
1137 259 0
1197 199 0
1197 259 0
1197 200 0
1197 260 0
1257 200 0
1257 260 0
1257 201 0
1257 261 0
1317 201 0
1317 261 0
1317 202 0
1317 262 0
1377 202 0
1377 262 0
1377 203 0
1377 263 0
1437 203 0
1437 263 0
1437 204 0
1437 264 0
1497 204 0
1497 264 0
1497 205 0
1497 265 0
1557 205 0
1557 265 0
1557 206 0
1557 266 0
1617 206 0
1617 266 0
1617 207 0
1617 267 0
1677 207 0
1677 267 0
1677 208 0
1677 268 0
1737 208 0
1737 268 0
1737 209 0
1737 269 0
1797 209 0
1797 269 0
1797 210 0
1797 270 0
1857 210 0
1857 270 0
1917 212 0
1917 272 0
1977 212 0
1977 272 0
-4 240 0
-4 300 0
56 240 0
56 300 0
56 241 0
56 301 0
116 241 0
116 301 0
116 242 0
116 302 0
176 242 0
176 302 0
176 243 0
176 303 0
236 243 0
236 303 0
296 245 0
296 305 0
356 245 0
356 305 0
356 246 0
356 306 0
416 246 0
416 306 0
416 247 0
416 307 0
476 247 0
476 307 0
476 248 0
476 308 0
536 248 0
536 308 0
536 249 0
536 309 0
596 249 0
596 309 0
596 250 0
596 310 0
656 250 0
656 310 0
656 251 0
656 311 0
716 251 0
716 311 0
716 252 0
716 312 0
776 252 0
776 312 0
776 253 0
776 313 0
836 253 0
836 313 0
836 254 0
836 314 0
896 254 0
896 314 0
896 255 0
896 315 0
956 255 0
956 315 0
956 256 0
956 316 0
1016 256 0
1016 316 0
1016 257 0
1016 317 0
1076 257 0
1076 317 0
1076 258 0
1076 318 0
1136 258 0
1136 318 0
1136 259 0
1136 319 0
1196 259 0
1196 319 0
1196 260 0
1196 320 0
1256 260 0
1256 320 0
1256 261 0
1256 321 0
1316 261 0
1316 321 0
1316 262 0
1316 322 0
1376 262 0
1376 322 0
1376 263 0
1376 323 0
1436 263 0
1436 323 0
1436 264 0
1436 324 0
1496 264 0
1496 324 0
1496 265 0
1496 325 0
1556 265 0
1556 325 0
1556 266 0
1556 326 0
1616 266 0
1616 326 0
1616 267 0
1616 327 0
1676 267 0
1676 327 0
1676 268 0
1676 328 0
1736 268 0
1736 328 0
1736 269 0
1736 329 0
1796 269 0
1796 329 0
1796 270 0
1796 330 0
1856 270 0
1856 330 0
1976 273 0
1976 333 0
2036 273 0
2036 333 0
-5 300 0
-5 360 0
55 300 0
55 360 0
55 301 0
55 361 0
115 301 0
115 361 0
115 302 0
115 362 0
175 302 0
175 362 0
175 303 0
175 363 0
235 303 0
235 363 0
235 304 0
235 364 0
295 304 0
295 364 0
355 306 0
355 366 0
415 306 0
415 366 0
415 307 0
415 367 0
475 307 0
475 367 0
475 308 0
475 368 0
535 308 0
535 368 0
535 309 0
535 369 0
595 309 0
595 369 0
595 310 0
595 370 0
655 310 0
655 370 0
655 311 0
655 371 0
715 311 0
715 371 0
715 312 0
715 372 0
775 312 0
775 372 0
775 313 0
775 373 0
835 313 0
835 373 0
835 314 0
835 374 0
895 314 0
895 374 0
895 315 0
895 375 0
955 315 0
955 375 0
955 316 0
955 376 0
1015 316 0
1015 376 0
1015 317 0
1015 377 0
1075 317 0
1075 377 0
1075 318 0
1075 378 0
1135 318 0
1135 378 0
1135 319 0
1135 379 0
1195 319 0
1195 379 0
1195 320 0
1195 380 0
1255 320 0
1255 380 0
1255 321 0
1255 381 0
1315 321 0
1315 381 0
1315 322 0
1315 382 0
1375 322 0
1375 382 0
1375 323 0
1375 383 0
1435 323 0
1435 383 0
1435 324 0
1435 384 0
1495 324 0
1495 384 0
1495 325 0
1495 385 0
1555 325 0
1555 385 0
1555 326 0
1555 386 0
1615 326 0
1615 386 0
1615 327 0
1615 387 0
1675 327 0
1675 387 0
1675 328 0
1675 388 0
1735 328 0
1735 388 0
1735 329 0
1735 389 0
1795 329 0
1795 389 0
1795 330 0
1795 390 0
1855 330 0
1855 390 0
2035 334 0
2035 394 0
2095 334 0
2095 394 0
-6 360 0
-6 420 0
54 360 0
54 420 0
54 361 0
54 421 0
114 361 0
114 421 0
114 362 0
114 422 0
174 362 0
174 422 0
174 363 0
174 423 0
234 363 0
234 423 0
234 364 0
234 424 0
294 364 0
294 424 0
294 365 0
294 425 0
354 365 0
354 425 0
414 367 0
414 427 0
474 367 0
474 427 0
474 368 0
474 428 0
534 368 0
534 428 0
534 369 0
534 429 0
594 369 0
594 429 0
594 370 0
594 430 0
654 370 0
654 430 0
654 371 0
654 431 0
714 371 0
714 431 0
714 372 0
714 432 0
774 372 0
774 432 0
774 373 0
774 433 0
834 373 0
834 433 0
834 374 0
834 434 0
894 374 0
894 434 0
894 375 0
894 435 0
954 375 0
954 435 0
954 376 0
954 436 0
1014 376 0
1014 436 0
1014 377 0
1014 437 0
1074 377 0
1074 437 0
1074 378 0
1074 438 0
1134 378 0
1134 438 0
1134 379 0
1134 439 0
1194 379 0
1194 439 0
1194 380 0
1194 440 0
1254 380 0
1254 440 0
1254 381 0
1254 441 0
1314 381 0
1314 441 0
1314 382 0
1314 442 0
1374 382 0
1374 442 0
1374 383 0
1374 443 0
1434 383 0
1434 443 0
1434 384 0
1434 444 0
1494 384 0
1494 444 0
1494 385 0
1494 445 0
1554 385 0
1554 445 0
1554 386 0
1554 446 0
1614 386 0
1614 446 0
1614 387 0
1614 447 0
1674 387 0
1674 447 0
1674 388 0
1674 448 0
1734 388 0
1734 448 0
1734 389 0
1734 449 0
1794 389 0
1794 449 0
1794 390 0
1794 450 0
1854 390 0
1854 450 0
2094 395 0
2094 455 0
2154 395 0
2154 455 0
-7 420 0
-7 480 0
53 420 0
53 480 0
53 421 0
53 481 0
113 421 0
113 481 0
113 422 0
113 482 0
173 422 0
173 482 0
173 423 0
173 483 0
233 423 0
233 483 0
233 424 0
233 484 0
293 424 0
293 484 0
293 425 0
293 485 0
353 425 0
353 485 0
353 426 0
353 486 0
413 426 0
413 486 0
473 428 0
473 488 0
533 428 0
533 488 0
533 429 0
533 489 0
593 429 0
593 489 0
593 430 0
593 490 0
653 430 0
653 490 0
653 431 0
653 491 0
713 431 0
713 491 0
713 432 0
713 492 0
773 432 0
773 492 0
773 433 0
773 493 0
833 433 0
833 493 0
833 434 0
833 494 0
893 434 0
893 494 0
893 435 0
893 495 0
953 435 0
953 495 0
953 436 0
953 496 0
1013 436 0
1013 496 0
1013 437 0
1013 497 0
1073 437 0
1073 497 0
1073 438 0
1073 498 0
1133 438 0
1133 498 0
1133 439 0
1133 499 0
1193 439 0
1193 499 0
1193 440 0
1193 500 0
1253 440 0
1253 500 0
1253 441 0
1253 501 0
1313 441 0
1313 501 0
1313 442 0
1313 502 0
1373 442 0
1373 502 0
1373 443 0
1373 503 0
1433 443 0
1433 503 0
1433 444 0
1433 504 0
1493 444 0
1493 504 0
1493 445 0
1493 505 0
1553 445 0
1553 505 0
1553 446 0
1553 506 0
1613 446 0
1613 506 0
1613 447 0
1613 507 0
1673 447 0
1673 507 0
1673 448 0
1673 508 0
1733 448 0
1733 508 0
1733 449 0
1733 509 0
1793 449 0
1793 509 0
1793 450 0
1793 510 0
1853 450 0
1853 510 0
2153 456 0
2153 516 0
2213 456 0
2213 516 0
-8 480 0
-8 540 0
52 480 0
52 540 0
52 481 0
52 541 0
112 481 0
112 541 0
112 482 0
112 542 0
172 482 0
172 542 0
172 483 0
172 543 0
232 483 0
232 543 0
232 484 0
232 544 0
292 484 0
292 544 0
292 485 0
292 545 0
352 485 0
352 545 0
352 486 0
352 546 0
412 486 0
412 546 0
412 487 0
412 547 0
472 487 0
472 547 0
532 489 0
532 549 0
592 489 0
592 549 0
592 490 0
592 550 0
652 490 0
652 550 0
652 491 0
652 551 0
712 491 0
712 551 0
712 492 0
712 552 0
772 492 0
772 552 0
772 493 0
772 553 0
832 493 0
832 553 0
832 494 0
832 554 0
892 494 0
892 554 0
892 495 0
892 555 0
952 495 0
952 555 0
952 496 0
952 556 0
1012 496 0
1012 556 0
1012 497 0
1012 557 0
1072 497 0
1072 557 0
1072 498 0
1072 558 0
1132 498 0
1132 558 0
1132 499 0
1132 559 0
1192 499 0
1192 559 0
1192 500 0
1192 560 0
1252 500 0
1252 560 0
1252 501 0
1252 561 0
1312 501 0
1312 561 0
1312 502 0
1312 562 0
1372 502 0
1372 562 0
1372 503 0
1372 563 0
1432 503 0
1432 563 0
1432 504 0
1432 564 0
1492 504 0
1492 564 0
1492 505 0
1492 565 0
1552 505 0
1552 565 0
1552 506 0
1552 566 0
1612 506 0
1612 566 0
1612 507 0
1612 567 0
1672 507 0
1672 567 0
1672 508 0
1672 568 0
1732 508 0
1732 568 0
1732 509 0
1732 569 0
1792 509 0
1792 569 0
1792 510 0
1792 570 0
1852 510 0
1852 570 0
2212 517 0
2212 577 0
2272 517 0
2272 577 0
-9 540 0
-9 600 0
51 540 0
51 600 0
51 541 0
51 601 0
111 541 0
111 601 0
111 542 0
111 602 0
171 542 0
171 602 0
171 543 0
171 603 0
231 543 0
231 603 0
231 544 0
231 604 0
291 544 0
291 604 0
291 545 0
291 605 0
351 545 0
351 605 0
351 546 0
351 606 0
411 546 0
411 606 0
411 547 0
411 607 0
471 547 0
471 607 0
471 548 0
471 608 0
531 548 0
531 608 0
591 550 0
591 610 0
651 550 0
651 610 0
651 551 0
651 611 0
711 551 0
711 611 0
711 552 0
711 612 0
771 552 0
771 612 0
771 553 0
771 613 0
831 553 0
831 613 0
831 554 0
831 614 0
891 554 0
891 614 0
891 555 0
891 615 0
951 555 0
951 615 0
951 556 0
951 616 0
1011 556 0
1011 616 0
1011 557 0
1011 617 0
1071 557 0
1071 617 0
1071 558 0
1071 618 0
1131 558 0
1131 618 0
1131 559 0
1131 619 0
1191 559 0
1191 619 0
1191 560 0
1191 620 0
1251 560 0
1251 620 0
1251 561 0
1251 621 0
1311 561 0
1311 621 0
1311 562 0
1311 622 0
1371 562 0
1371 622 0
1371 563 0
1371 623 0
1431 563 0
1431 623 0
1431 564 0
1431 624 0
1491 564 0
1491 624 0
1491 565 0
1491 625 0
1551 565 0
1551 625 0
1551 566 0
1551 626 0
1611 566 0
1611 626 0
1611 567 0
1611 627 0
1671 567 0
1671 627 0
1671 568 0
1671 628 0
1731 568 0
1731 628 0
1731 569 0
1731 629 0
1791 569 0
1791 629 0
1791 570 0
1791 630 0
1851 570 0
1851 630 0
2271 578 0
2271 638 0
2331 578 0
2331 638 0
-10 600 0
-10 660 0
50 600 0
50 660 0
50 601 0
50 661 0
110 601 0
110 661 0
110 602 0
110 662 0
170 602 0
170 662 0
170 603 0
170 663 0
230 603 0
230 663 0
230 604 0
230 664 0
290 604 0
290 664 0
290 605 0
290 665 0
350 605 0
350 665 0
350 606 0
350 666 0
410 606 0
410 666 0
410 607 0
410 667 0
470 607 0
470 667 0
470 608 0
470 668 0
530 608 0
530 668 0
530 609 0
530 669 0
590 609 0
590 669 0
650 611 0
650 671 0
710 611 0
710 671 0
710 612 0
710 672 0
770 612 0
770 672 0
770 613 0
770 673 0
830 613 0
830 673 0
830 614 0
830 674 0
890 614 0
890 674 0
890 615 0
890 675 0
950 615 0
950 675 0
950 616 0
950 676 0
1010 616 0
1010 676 0
1010 617 0
1010 677 0
1070 617 0
1070 677 0
1070 618 0
1070 678 0
1130 618 0
1130 678 0
1130 619 0
1130 679 0
1190 619 0
1190 679 0
1190 620 0
1190 680 0
1250 620 0
1250 680 0
1250 621 0
1250 681 0
1310 621 0
1310 681 0
1310 622 0
1310 682 0
1370 622 0
1370 682 0
1370 623 0
1370 683 0
1430 623 0
1430 683 0
1430 624 0
1430 684 0
1490 624 0
1490 684 0
1490 625 0
1490 685 0
1550 625 0
1550 685 0
1550 626 0
1550 686 0
1610 626 0
1610 686 0
1610 627 0
1610 687 0
1670 627 0
1670 687 0
1670 628 0
1670 688 0
1730 628 0
1730 688 0
1730 629 0
1730 689 0
1790 629 0
1790 689 0
1790 630 0
1790 690 0
1850 630 0
1850 690 0
2330 639 0
2330 699 0
2390 639 0
2390 699 0
-11 660 0
-11 720 0
49 660 0
49 720 0
49 661 0
49 721 0
109 661 0
109 721 0
109 662 0
109 722 0
169 662 0
169 722 0
169 663 0
169 723 0
229 663 0
229 723 0
229 664 0
229 724 0
289 664 0
289 724 0
289 665 0
289 725 0
349 665 0
349 725 0
349 666 0
349 726 0
409 666 0
409 726 0
409 667 0
409 727 0
469 667 0
469 727 0
469 668 0
469 728 0
529 668 0
529 728 0
529 669 0
529 729 0
589 669 0
589 729 0
589 670 0
589 730 0
649 670 0
649 730 0
709 672 0
709 732 0
769 672 0
769 732 0
769 673 0
769 733 0
829 673 0
829 733 0
829 674 0
829 734 0
889 674 0
889 734 0
889 675 0
889 735 0
949 675 0
949 735 0
949 676 0
949 736 0
1009 676 0
1009 736 0
1009 677 0
1009 737 0
1069 677 0
1069 737 0
1069 678 0
1069 738 0
1129 678 0
1129 738 0
1129 679 0
1129 739 0
1189 679 0
1189 739 0
1189 680 0
1189 740 0
1249 680 0
1249 740 0
1249 681 0
1249 741 0
1309 681 0
1309 741 0
1309 682 0
1309 742 0
1369 682 0
1369 742 0
1369 683 0
1369 743 0
1429 683 0
1429 743 0
1429 684 0
1429 744 0
1489 684 0
1489 744 0
1489 685 0
1489 745 0
1549 685 0
1549 745 0
1549 686 0
1549 746 0
1609 686 0
1609 746 0
1609 687 0
1609 747 0
1669 687 0
1669 747 0
1669 688 0
1669 748 0
1729 688 0
1729 748 0
1729 689 0
1729 749 0
1789 689 0
1789 749 0
1789 690 0
1789 750 0
1849 690 0
1849 750 0
2389 700 0
2389 760 0
2449 700 0
2449 760 0
-12 720 0
-12 780 0
48 720 0
48 780 0
48 721 0
48 781 0
108 721 0
108 781 0
108 722 0
108 782 0
168 722 0
168 782 0
168 723 0
168 783 0
228 723 0
228 783 0
228 724 0
228 784 0
288 724 0
288 784 0
288 725 0
288 785 0
348 725 0
348 785 0
348 726 0
348 786 0
408 726 0
408 786 0
408 727 0
408 787 0
468 727 0
468 787 0
468 728 0
468 788 0
528 728 0
528 788 0
528 729 0
528 789 0
588 729 0
588 789 0
588 730 0
588 790 0
648 730 0
648 790 0
648 731 0
648 791 0
708 731 0
708 791 0
768 733 0
768 793 0
828 733 0
828 793 0
828 734 0
828 794 0
888 734 0
888 794 0
888 735 0
888 795 0
948 735 0
948 795 0
948 736 0
948 796 0
1008 736 0
1008 796 0
1008 737 0
1008 797 0
1068 737 0
1068 797 0
1068 738 0
1068 798 0
1128 738 0
1128 798 0
1128 739 0
1128 799 0
1188 739 0
1188 799 0
1188 740 0
1188 800 0
1248 740 0
1248 800 0
1248 741 0
1248 801 0
1308 741 0
1308 801 0
1308 742 0
1308 802 0
1368 742 0
1368 802 0
1368 743 0
1368 803 0
1428 743 0
1428 803 0
1428 744 0
1428 804 0
1488 744 0
1488 804 0
1488 745 0
1488 805 0
1548 745 0
1548 805 0
1548 746 0
1548 806 0
1608 746 0
1608 806 0
1608 747 0
1608 807 0
1668 747 0
1668 807 0
1668 748 0
1668 808 0
1728 748 0
1728 808 0
1728 749 0
1728 809 0
1788 749 0
1788 809 0
1788 750 0
1788 810 0
1848 750 0
1848 810 0
2448 761 0
2448 821 0
2508 761 0
2508 821 0
-13 780 0
-13 840 0
47 780 0
47 840 0
47 781 0
47 841 0
107 781 0
107 841 0
107 782 0
107 842 0
167 782 0
167 842 0
167 783 0
167 843 0
227 783 0
227 843 0
227 784 0
227 844 0
287 784 0
287 844 0
287 785 0
287 845 0
347 785 0
347 845 0
347 786 0
347 846 0
407 786 0
407 846 0
407 787 0
407 847 0
467 787 0
467 847 0
467 788 0
467 848 0
527 788 0
527 848 0
527 789 0
527 849 0
587 789 0
587 849 0
587 790 0
587 850 0
647 790 0
647 850 0
647 791 0
647 851 0
707 791 0
707 851 0
707 792 0
707 852 0
767 792 0
767 852 0
827 794 0
827 854 0
887 794 0
887 854 0
887 795 0
887 855 0
947 795 0
947 855 0
947 796 0
947 856 0
1007 796 0
1007 856 0
1007 797 0
1007 857 0
1067 797 0
1067 857 0
1067 798 0
1067 858 0
1127 798 0
1127 858 0
1127 799 0
1127 859 0
1187 799 0
1187 859 0
1187 800 0
1187 860 0
1247 800 0
1247 860 0
1247 801 0
1247 861 0
1307 801 0
1307 861 0
1307 802 0
1307 862 0
1367 802 0
1367 862 0
1367 803 0
1367 863 0
1427 803 0
1427 863 0
1427 804 0
1427 864 0
1487 804 0
1487 864 0
1487 805 0
1487 865 0
1547 805 0
1547 865 0
1547 806 0
1547 866 0
1607 806 0
1607 866 0
1607 807 0
1607 867 0
1667 807 0
1667 867 0
1667 808 0
1667 868 0
1727 808 0
1727 868 0
1727 809 0
1727 869 0
1787 809 0
1787 869 0
1787 810 0
1787 870 0
1847 810 0
1847 870 0
2507 822 0
2507 882 0
2567 822 0
2567 882 0
-14 840 0
-14 900 0
46 840 0
46 900 0
46 841 0
46 901 0
106 841 0
106 901 0
106 842 0
106 902 0
166 842 0
166 902 0
166 843 0
166 903 0
226 843 0
226 903 0
226 844 0
226 904 0
286 844 0
286 904 0
286 845 0
286 905 0
346 845 0
346 905 0
346 846 0
346 906 0
406 846 0
406 906 0
406 847 0
406 907 0
466 847 0
466 907 0
466 848 0
466 908 0
526 848 0
526 908 0
526 849 0
526 909 0
586 849 0
586 909 0
586 850 0
586 910 0
646 850 0
646 910 0
646 851 0
646 911 0
706 851 0
706 911 0
706 852 0
706 912 0
766 852 0
766 912 0
766 853 0
766 913 0
826 853 0
826 913 0
886 855 0
886 915 0
946 855 0
946 915 0
946 856 0
946 916 0
1006 856 0
1006 916 0
1006 857 0
1006 917 0
1066 857 0
1066 917 0
1066 858 0
1066 918 0
1126 858 0
1126 918 0
1126 859 0
1126 919 0
1186 859 0
1186 919 0
1186 860 0
1186 920 0
1246 860 0
1246 920 0
1246 861 0
1246 921 0
1306 861 0
1306 921 0
1306 862 0
1306 922 0
1366 862 0
1366 922 0
1366 863 0
1366 923 0
1426 863 0
1426 923 0
1426 864 0
1426 924 0
1486 864 0
1486 924 0
1486 865 0
1486 925 0
1546 865 0
1546 925 0
1546 866 0
1546 926 0
1606 866 0
1606 926 0
1606 867 0
1606 927 0
1666 867 0
1666 927 0
1666 868 0
1666 928 0
1726 868 0
1726 928 0
1726 869 0
1726 929 0
1786 869 0
1786 929 0
1786 870 0
1786 930 0
1846 870 0
1846 930 0
2566 883 0
2566 943 0
2626 883 0
2626 943 0
-15 900 0
-15 960 0
45 900 0
45 960 0
45 901 0
45 961 0
105 901 0
105 961 0
105 902 0
105 962 0
165 902 0
165 962 0
165 903 0
165 963 0
225 903 0
225 963 0
225 904 0
225 964 0
285 904 0
285 964 0
285 905 0
285 965 0
345 905 0
345 965 0
345 906 0
345 966 0
405 906 0
405 966 0
405 907 0
405 967 0
465 907 0
465 967 0
465 908 0
465 968 0
525 908 0
525 968 0
525 909 0
525 969 0
585 909 0
585 969 0
585 910 0
585 970 0
645 910 0
645 970 0
645 911 0
645 971 0
705 911 0
705 971 0
705 912 0
705 972 0
765 912 0
765 972 0
765 913 0
765 973 0
825 913 0
825 973 0
825 914 0
825 974 0
885 914 0
885 974 0
945 916 0
945 976 0
1005 916 0
1005 976 0
1005 917 0
1005 977 0
1065 917 0
1065 977 0
1065 918 0
1065 978 0
1125 918 0
1125 978 0
1125 919 0
1125 979 0
1185 919 0
1185 979 0
1185 920 0
1185 980 0
1245 920 0
1245 980 0
1245 921 0
1245 981 0
1305 921 0
1305 981 0
1305 922 0
1305 982 0
1365 922 0
1365 982 0
1365 923 0
1365 983 0
1425 923 0
1425 983 0
1425 924 0
1425 984 0
1485 924 0
1485 984 0
1485 925 0
1485 985 0
1545 925 0
1545 985 0
1545 926 0
1545 986 0
1605 926 0
1605 986 0
1605 927 0
1605 987 0
1665 927 0
1665 987 0
1665 928 0
1665 988 0
1725 928 0
1725 988 0
1725 929 0
1725 989 0
1785 929 0
1785 989 0
1785 930 0
1785 990 0
1845 930 0
1845 990 0
2625 944 0
2625 1004 0
2685 944 0
2685 1004 0
-16 960 0
-16 1020 0
44 960 0
44 1020 0
44 961 0
44 1021 0
104 961 0
104 1021 0
104 962 0
104 1022 0
164 962 0
164 1022 0
164 963 0
164 1023 0
224 963 0
224 1023 0
224 964 0
224 1024 0
284 964 0
284 1024 0
284 965 0
284 1025 0
344 965 0
344 1025 0
344 966 0
344 1026 0
404 966 0
404 1026 0
404 967 0
404 1027 0
464 967 0
464 1027 0
464 968 0
464 1028 0
524 968 0
524 1028 0
524 969 0
524 1029 0
584 969 0
584 1029 0
584 970 0
584 1030 0
644 970 0
644 1030 0
644 971 0
644 1031 0
704 971 0
704 1031 0
704 972 0
704 1032 0
764 972 0
764 1032 0
764 973 0
764 1033 0
824 973 0
824 1033 0
824 974 0
824 1034 0
884 974 0
884 1034 0
884 975 0
884 1035 0
944 975 0
944 1035 0
1004 977 0
1004 1037 0
1064 977 0
1064 1037 0
1064 978 0
1064 1038 0
1124 978 0
1124 1038 0
1124 979 0
1124 1039 0
1184 979 0
1184 1039 0
1184 980 0
1184 1040 0
1244 980 0
1244 1040 0
1244 981 0
1244 1041 0
1304 981 0
1304 1041 0
1304 982 0
1304 1042 0
1364 982 0
1364 1042 0
1364 983 0
1364 1043 0
1424 983 0
1424 1043 0
1424 984 0
1424 1044 0
1484 984 0
1484 1044 0
1484 985 0
1484 1045 0
1544 985 0
1544 1045 0
1544 986 0
1544 1046 0
1604 986 0
1604 1046 0
1604 987 0
1604 1047 0
1664 987 0
1664 1047 0
1664 988 0
1664 1048 0
1724 988 0
1724 1048 0
1724 989 0
1724 1049 0
1784 989 0
1784 1049 0
1784 990 0
1784 1050 0
1844 990 0
1844 1050 0
2684 1005 0
2684 1065 0
2744 1005 0
2744 1065 0
-17 1020 0
-17 1080 0
43 1020 0
43 1080 0
43 1021 0
43 1081 0
103 1021 0
103 1081 0
103 1022 0
103 1082 0
163 1022 0
163 1082 0
163 1023 0
163 1083 0
223 1023 0
223 1083 0
223 1024 0
223 1084 0
283 1024 0
283 1084 0
283 1025 0
283 1085 0
343 1025 0
343 1085 0
343 1026 0
343 1086 0
403 1026 0
403 1086 0
403 1027 0
403 1087 0
463 1027 0
463 1087 0
463 1028 0
463 1088 0
523 1028 0
523 1088 0
523 1029 0
523 1089 0
583 1029 0
583 1089 0
583 1030 0
583 1090 0
643 1030 0
643 1090 0
643 1031 0
643 1091 0
703 1031 0
703 1091 0
703 1032 0
703 1092 0
763 1032 0
763 1092 0
763 1033 0
763 1093 0
823 1033 0
823 1093 0
823 1034 0
823 1094 0
883 1034 0
883 1094 0
883 1035 0
883 1095 0
943 1035 0
943 1095 0
943 1036 0
943 1096 0
1003 1036 0
1003 1096 0
1063 1038 0
1063 1098 0
1123 1038 0
1123 1098 0
1123 1039 0
1123 1099 0
1183 1039 0
1183 1099 0
1183 1040 0
1183 1100 0
1243 1040 0
1243 1100 0
1243 1041 0
1243 1101 0
1303 1041 0
1303 1101 0
1303 1042 0
1303 1102 0
1363 1042 0
1363 1102 0
1363 1043 0
1363 1103 0
1423 1043 0
1423 1103 0
1423 1044 0
1423 1104 0
1483 1044 0
1483 1104 0
1483 1045 0
1483 1105 0
1543 1045 0
1543 1105 0
1543 1046 0
1543 1106 0
1603 1046 0
1603 1106 0
1603 1047 0
1603 1107 0
1663 1047 0
1663 1107 0
1663 1048 0
1663 1108 0
1723 1048 0
1723 1108 0
1723 1049 0
1723 1109 0
1783 1049 0
1783 1109 0
1783 1050 0
1783 1110 0
1843 1050 0
1843 1110 0
2743 1066 0
2743 1126 0
2803 1066 0
2803 1126 0
-18 1080 0
-18 1140 0
42 1080 0
42 1140 0
42 1081 0
42 1141 0
102 1081 0
102 1141 0
102 1082 0
102 1142 0
162 1082 0
162 1142 0
162 1083 0
162 1143 0
222 1083 0
222 1143 0
222 1084 0
222 1144 0
282 1084 0
282 1144 0
282 1085 0
282 1145 0
342 1085 0
342 1145 0
342 1086 0
342 1146 0
402 1086 0
402 1146 0
402 1087 0
402 1147 0
462 1087 0
462 1147 0
462 1088 0
462 1148 0
522 1088 0
522 1148 0
522 1089 0
522 1149 0
582 1089 0
582 1149 0
582 1090 0
582 1150 0
642 1090 0
642 1150 0
642 1091 0
642 1151 0
702 1091 0
702 1151 0
702 1092 0
702 1152 0
762 1092 0
762 1152 0
762 1093 0
762 1153 0
822 1093 0
822 1153 0
822 1094 0
822 1154 0
882 1094 0
882 1154 0
882 1095 0
882 1155 0
942 1095 0
942 1155 0
942 1096 0
942 1156 0
1002 1096 0
1002 1156 0
1002 1097 0
1002 1157 0
1062 1097 0
1062 1157 0
1122 1099 0
1122 1159 0
1182 1099 0
1182 1159 0
1182 1100 0
1182 1160 0
1242 1100 0
1242 1160 0
1242 1101 0
1242 1161 0
1302 1101 0
1302 1161 0
1302 1102 0
1302 1162 0
1362 1102 0
1362 1162 0
1362 1103 0
1362 1163 0
1422 1103 0
1422 1163 0
1422 1104 0
1422 1164 0
1482 1104 0
1482 1164 0
1482 1105 0
1482 1165 0
1542 1105 0
1542 1165 0
1542 1106 0
1542 1166 0
1602 1106 0
1602 1166 0
1602 1107 0
1602 1167 0
1662 1107 0
1662 1167 0
1662 1108 0
1662 1168 0
1722 1108 0
1722 1168 0
1722 1109 0
1722 1169 0
1782 1109 0
1782 1169 0
1782 1110 0
1782 1170 0
1842 1110 0
1842 1170 0
2802 1127 0
2802 1187 0
2862 1127 0
2862 1187 0
-19 1140 0
-19 1200 0
41 1140 0
41 1200 0
41 1141 0
41 1201 0
101 1141 0
101 1201 0
101 1142 0
101 1202 0
161 1142 0
161 1202 0
161 1143 0
161 1203 0
221 1143 0
221 1203 0
221 1144 0
221 1204 0
281 1144 0
281 1204 0
281 1145 0
281 1205 0
341 1145 0
341 1205 0
341 1146 0
341 1206 0
401 1146 0
401 1206 0
401 1147 0
401 1207 0
461 1147 0
461 1207 0
461 1148 0
461 1208 0
521 1148 0
521 1208 0
521 1149 0
521 1209 0
581 1149 0
581 1209 0
581 1150 0
581 1210 0
641 1150 0
641 1210 0
641 1151 0
641 1211 0
701 1151 0
701 1211 0
701 1152 0
701 1212 0
761 1152 0
761 1212 0
761 1153 0
761 1213 0
821 1153 0
821 1213 0
821 1154 0
821 1214 0
881 1154 0
881 1214 0
881 1155 0
881 1215 0
941 1155 0
941 1215 0
941 1156 0
941 1216 0
1001 1156 0
1001 1216 0
1001 1157 0
1001 1217 0
1061 1157 0
1061 1217 0
1061 1158 0
1061 1218 0
1121 1158 0
1121 1218 0
1181 1160 0
1181 1220 0
1241 1160 0
1241 1220 0
1241 1161 0
1241 1221 0
1301 1161 0
1301 1221 0
1301 1162 0
1301 1222 0
1361 1162 0
1361 1222 0
1361 1163 0
1361 1223 0
1421 1163 0
1421 1223 0
1421 1164 0
1421 1224 0
1481 1164 0
1481 1224 0
1481 1165 0
1481 1225 0
1541 1165 0
1541 1225 0
1541 1166 0
1541 1226 0
1601 1166 0
1601 1226 0
1601 1167 0
1601 1227 0
1661 1167 0
1661 1227 0
1661 1168 0
1661 1228 0
1721 1168 0
1721 1228 0
1721 1169 0
1721 1229 0
1781 1169 0
1781 1229 0
1781 1170 0
1781 1230 0
1841 1170 0
1841 1230 0
2861 1188 0
2861 1248 0
2921 1188 0
2921 1248 0
-20 1200 0
-20 1260 0
40 1200 0
40 1260 0
40 1201 0
40 1261 0
100 1201 0
100 1261 0
100 1202 0
100 1262 0
160 1202 0
160 1262 0
160 1203 0
160 1263 0
220 1203 0
220 1263 0
220 1204 0
220 1264 0
280 1204 0
280 1264 0
280 1205 0
280 1265 0
340 1205 0
340 1265 0
340 1206 0
340 1266 0
400 1206 0
400 1266 0
400 1207 0
400 1267 0
460 1207 0
460 1267 0
460 1208 0
460 1268 0
520 1208 0
520 1268 0
520 1209 0
520 1269 0
580 1209 0
580 1269 0
580 1210 0
580 1270 0
640 1210 0
640 1270 0
640 1211 0
640 1271 0
700 1211 0
700 1271 0
700 1212 0
700 1272 0
760 1212 0
760 1272 0
760 1213 0
760 1273 0
820 1213 0
820 1273 0
820 1214 0
820 1274 0
880 1214 0
880 1274 0
880 1215 0
880 1275 0
940 1215 0
940 1275 0
940 1216 0
940 1276 0
1000 1216 0
1000 1276 0
1000 1217 0
1000 1277 0
1060 1217 0
1060 1277 0
1060 1218 0
1060 1278 0
1120 1218 0
1120 1278 0
1120 1219 0
1120 1279 0
1180 1219 0
1180 1279 0
1240 1221 0
1240 1281 0
1300 1221 0
1300 1281 0
1300 1222 0
1300 1282 0
1360 1222 0
1360 1282 0
1360 1223 0
1360 1283 0
1420 1223 0
1420 1283 0
1420 1224 0
1420 1284 0
1480 1224 0
1480 1284 0
1480 1225 0
1480 1285 0
1540 1225 0
1540 1285 0
1540 1226 0
1540 1286 0
1600 1226 0
1600 1286 0
1600 1227 0
1600 1287 0
1660 1227 0
1660 1287 0
1660 1228 0
1660 1288 0
1720 1228 0
1720 1288 0
1720 1229 0
1720 1289 0
1780 1229 0
1780 1289 0
1780 1230 0
1780 1290 0
1840 1230 0
1840 1290 0
2920 1249 0
2920 1309 0
2980 1249 0
2980 1309 0
-21 1260 0
-21 1320 0
39 1260 0
39 1320 0
39 1261 0
39 1321 0
99 1261 0
99 1321 0
99 1262 0
99 1322 0
159 1262 0
159 1322 0
159 1263 0
159 1323 0
219 1263 0
219 1323 0
219 1264 0
219 1324 0
279 1264 0
279 1324 0
279 1265 0
279 1325 0
339 1265 0
339 1325 0
339 1266 0
339 1326 0
399 1266 0
399 1326 0
399 1267 0
399 1327 0
459 1267 0
459 1327 0
459 1268 0
459 1328 0
519 1268 0
519 1328 0
519 1269 0
519 1329 0
579 1269 0
579 1329 0
579 1270 0
579 1330 0
639 1270 0
639 1330 0
639 1271 0
639 1331 0
699 1271 0
699 1331 0
699 1272 0
699 1332 0
759 1272 0
759 1332 0
759 1273 0
759 1333 0
819 1273 0
819 1333 0
819 1274 0
819 1334 0
879 1274 0
879 1334 0
879 1275 0
879 1335 0
939 1275 0
939 1335 0
939 1276 0
939 1336 0
999 1276 0
999 1336 0
999 1277 0
999 1337 0
1059 1277 0
1059 1337 0
1059 1278 0
1059 1338 0
1119 1278 0
1119 1338 0
1119 1279 0
1119 1339 0
1179 1279 0
1179 1339 0
1179 1280 0
1179 1340 0
1239 1280 0
1239 1340 0
1299 1282 0
1299 1342 0
1359 1282 0
1359 1342 0
1359 1283 0
1359 1343 0
1419 1283 0
1419 1343 0
1419 1284 0
1419 1344 0
1479 1284 0
1479 1344 0
1479 1285 0
1479 1345 0
1539 1285 0
1539 1345 0
1539 1286 0
1539 1346 0
1599 1286 0
1599 1346 0
1599 1287 0
1599 1347 0
1659 1287 0
1659 1347 0
1659 1288 0
1659 1348 0
1719 1288 0
1719 1348 0
1719 1289 0
1719 1349 0
1779 1289 0
1779 1349 0
1779 1290 0
1779 1350 0
1839 1290 0
1839 1350 0
2979 1310 0
2979 1370 0
3039 1310 0
3039 1370 0
-22 1320 0
-22 1380 0
38 1320 0
38 1380 0
38 1321 0
38 1381 0
98 1321 0
98 1381 0
98 1322 0
98 1382 0
158 1322 0
158 1382 0
158 1323 0
158 1383 0
218 1323 0
218 1383 0
218 1324 0
218 1384 0
278 1324 0
278 1384 0
278 1325 0
278 1385 0
338 1325 0
338 1385 0
338 1326 0
338 1386 0
398 1326 0
398 1386 0
398 1327 0
398 1387 0
458 1327 0
458 1387 0
458 1328 0
458 1388 0
518 1328 0
518 1388 0
518 1329 0
518 1389 0
578 1329 0
578 1389 0
578 1330 0
578 1390 0
638 1330 0
638 1390 0
638 1331 0
638 1391 0
698 1331 0
698 1391 0
698 1332 0
698 1392 0
758 1332 0
758 1392 0
758 1333 0
758 1393 0
818 1333 0
818 1393 0
818 1334 0
818 1394 0
878 1334 0
878 1394 0
878 1335 0
878 1395 0
938 1335 0
938 1395 0
938 1336 0
938 1396 0
998 1336 0
998 1396 0
998 1337 0
998 1397 0
1058 1337 0
1058 1397 0
1058 1338 0
1058 1398 0
1118 1338 0
1118 1398 0
1118 1339 0
1118 1399 0
1178 1339 0
1178 1399 0
1178 1340 0
1178 1400 0
1238 1340 0
1238 1400 0
1238 1341 0
1238 1401 0
1298 1341 0
1298 1401 0
1358 1343 0
1358 1403 0
1418 1343 0
1418 1403 0
1418 1344 0
1418 1404 0
1478 1344 0
1478 1404 0
1478 1345 0
1478 1405 0
1538 1345 0
1538 1405 0
1538 1346 0
1538 1406 0
1598 1346 0
1598 1406 0
1598 1347 0
1598 1407 0
1658 1347 0
1658 1407 0
1658 1348 0
1658 1408 0
1718 1348 0
1718 1408 0
1718 1349 0
1718 1409 0
1778 1349 0
1778 1409 0
1778 1350 0
1778 1410 0
1838 1350 0
1838 1410 0
3038 1371 0
3038 1431 0
3098 1371 0
3098 1431 0
-23 1380 0
-23 1440 0
37 1380 0
37 1440 0
37 1381 0
37 1441 0
97 1381 0
97 1441 0
97 1382 0
97 1442 0
157 1382 0
157 1442 0
157 1383 0
157 1443 0
217 1383 0
217 1443 0
217 1384 0
217 1444 0
277 1384 0
277 1444 0
277 1385 0
277 1445 0
337 1385 0
337 1445 0
337 1386 0
337 1446 0
397 1386 0
397 1446 0
397 1387 0
397 1447 0
457 1387 0
457 1447 0
457 1388 0
457 1448 0
517 1388 0
517 1448 0
517 1389 0
517 1449 0
577 1389 0
577 1449 0
577 1390 0
577 1450 0
637 1390 0
637 1450 0
637 1391 0
637 1451 0
697 1391 0
697 1451 0
697 1392 0
697 1452 0
757 1392 0
757 1452 0
757 1393 0
757 1453 0
817 1393 0
817 1453 0
817 1394 0
817 1454 0
877 1394 0
877 1454 0
877 1395 0
877 1455 0
937 1395 0
937 1455 0
937 1396 0
937 1456 0
997 1396 0
997 1456 0
997 1397 0
997 1457 0
1057 1397 0
1057 1457 0
1057 1398 0
1057 1458 0
1117 1398 0
1117 1458 0
1117 1399 0
1117 1459 0
1177 1399 0
1177 1459 0
1177 1400 0
1177 1460 0
1237 1400 0
1237 1460 0
1237 1401 0
1237 1461 0
1297 1401 0
1297 1461 0
1297 1402 0
1297 1462 0
1357 1402 0
1357 1462 0
1417 1404 0
1417 1464 0
1477 1404 0
1477 1464 0
1477 1405 0
1477 1465 0
1537 1405 0
1537 1465 0
1537 1406 0
1537 1466 0
1597 1406 0
1597 1466 0
1597 1407 0
1597 1467 0
1657 1407 0
1657 1467 0
1657 1408 0
1657 1468 0
1717 1408 0
1717 1468 0
1717 1409 0
1717 1469 0
1777 1409 0
1777 1469 0
1777 1410 0
1777 1470 0
1837 1410 0
1837 1470 0
3097 1432 0
3097 1492 0
3157 1432 0
3157 1492 0
-24 1440 0
-24 1500 0
36 1440 0
36 1500 0
36 1441 0
36 1501 0
96 1441 0
96 1501 0
96 1442 0
96 1502 0
156 1442 0
156 1502 0
156 1443 0
156 1503 0
216 1443 0
216 1503 0
216 1444 0
216 1504 0
276 1444 0
276 1504 0
276 1445 0
276 1505 0
336 1445 0
336 1505 0
336 1446 0
336 1506 0
396 1446 0
396 1506 0
396 1447 0
396 1507 0
456 1447 0
456 1507 0
456 1448 0
456 1508 0
516 1448 0
516 1508 0
516 1449 0
516 1509 0
576 1449 0
576 1509 0
576 1450 0
576 1510 0
636 1450 0
636 1510 0
636 1451 0
636 1511 0
696 1451 0
696 1511 0
696 1452 0
696 1512 0
756 1452 0
756 1512 0
756 1453 0
756 1513 0
816 1453 0
816 1513 0
816 1454 0
816 1514 0
876 1454 0
876 1514 0
876 1455 0
876 1515 0
936 1455 0
936 1515 0
936 1456 0
936 1516 0
996 1456 0
996 1516 0
996 1457 0
996 1517 0
1056 1457 0
1056 1517 0
1056 1458 0
1056 1518 0
1116 1458 0
1116 1518 0
1116 1459 0
1116 1519 0
1176 1459 0
1176 1519 0
1176 1460 0
1176 1520 0
1236 1460 0
1236 1520 0
1236 1461 0
1236 1521 0
1296 1461 0
1296 1521 0
1296 1462 0
1296 1522 0
1356 1462 0
1356 1522 0
1356 1463 0
1356 1523 0
1416 1463 0
1416 1523 0
1476 1465 0
1476 1525 0
1536 1465 0
1536 1525 0
1536 1466 0
1536 1526 0
1596 1466 0
1596 1526 0
1596 1467 0
1596 1527 0
1656 1467 0
1656 1527 0
1656 1468 0
1656 1528 0
1716 1468 0
1716 1528 0
1716 1469 0
1716 1529 0
1776 1469 0
1776 1529 0
1776 1470 0
1776 1530 0
1836 1470 0
1836 1530 0
3156 1493 0
3156 1553 0
3216 1493 0
3216 1553 0
-25 1500 0
-25 1560 0
35 1500 0
35 1560 0
35 1501 0
35 1561 0
95 1501 0
95 1561 0
95 1502 0
95 1562 0
155 1502 0
155 1562 0
155 1503 0
155 1563 0
215 1503 0
215 1563 0
215 1504 0
215 1564 0
275 1504 0
275 1564 0
275 1505 0
275 1565 0
335 1505 0
335 1565 0
335 1506 0
335 1566 0
395 1506 0
395 1566 0
395 1507 0
395 1567 0
455 1507 0
455 1567 0
455 1508 0
455 1568 0
515 1508 0
515 1568 0
515 1509 0
515 1569 0
575 1509 0
575 1569 0
575 1510 0
575 1570 0
635 1510 0
635 1570 0
635 1511 0
635 1571 0
695 1511 0
695 1571 0
695 1512 0
695 1572 0
755 1512 0
755 1572 0
755 1513 0
755 1573 0
815 1513 0
815 1573 0
815 1514 0
815 1574 0
875 1514 0
875 1574 0
875 1515 0
875 1575 0
935 1515 0
935 1575 0
935 1516 0
935 1576 0
995 1516 0
995 1576 0
995 1517 0
995 1577 0
1055 1517 0
1055 1577 0
1055 1518 0
1055 1578 0
1115 1518 0
1115 1578 0
1115 1519 0
1115 1579 0
1175 1519 0
1175 1579 0
1175 1520 0
1175 1580 0
1235 1520 0
1235 1580 0
1235 1521 0
1235 1581 0
1295 1521 0
1295 1581 0
1295 1522 0
1295 1582 0
1355 1522 0
1355 1582 0
1355 1523 0
1355 1583 0
1415 1523 0
1415 1583 0
1415 1524 0
1415 1584 0
1475 1524 0
1475 1584 0
1535 1526 0
1535 1586 0
1595 1526 0
1595 1586 0
1595 1527 0
1595 1587 0
1655 1527 0
1655 1587 0
1655 1528 0
1655 1588 0
1715 1528 0
1715 1588 0
1715 1529 0
1715 1589 0
1775 1529 0
1775 1589 0
1775 1530 0
1775 1590 0
1835 1530 0
1835 1590 0
3215 1554 0
3215 1614 0
3275 1554 0
3275 1614 0
-26 1560 0
-26 1620 0
34 1560 0
34 1620 0
34 1561 0
34 1621 0
94 1561 0
94 1621 0
94 1562 0
94 1622 0
154 1562 0
154 1622 0
154 1563 0
154 1623 0
214 1563 0
214 1623 0
214 1564 0
214 1624 0
274 1564 0
274 1624 0
274 1565 0
274 1625 0
334 1565 0
334 1625 0
334 1566 0
334 1626 0
394 1566 0
394 1626 0
394 1567 0
394 1627 0
454 1567 0
454 1627 0
454 1568 0
454 1628 0
514 1568 0
514 1628 0
514 1569 0
514 1629 0
574 1569 0
574 1629 0
574 1570 0
574 1630 0
634 1570 0
634 1630 0
634 1571 0
634 1631 0
694 1571 0
694 1631 0
694 1572 0
694 1632 0
754 1572 0
754 1632 0
754 1573 0
754 1633 0
814 1573 0
814 1633 0
814 1574 0
814 1634 0
874 1574 0
874 1634 0
874 1575 0
874 1635 0
934 1575 0
934 1635 0
934 1576 0
934 1636 0
994 1576 0
994 1636 0
994 1577 0
994 1637 0
1054 1577 0
1054 1637 0
1054 1578 0
1054 1638 0
1114 1578 0
1114 1638 0
1114 1579 0
1114 1639 0
1174 1579 0
1174 1639 0
1174 1580 0
1174 1640 0
1234 1580 0
1234 1640 0
1234 1581 0
1234 1641 0
1294 1581 0
1294 1641 0
1294 1582 0
1294 1642 0
1354 1582 0
1354 1642 0
1354 1583 0
1354 1643 0
1414 1583 0
1414 1643 0
1414 1584 0
1414 1644 0
1474 1584 0
1474 1644 0
1474 1585 0
1474 1645 0
1534 1585 0
1534 1645 0
1594 1587 0
1594 1647 0
1654 1587 0
1654 1647 0
1654 1588 0
1654 1648 0
1714 1588 0
1714 1648 0
1714 1589 0
1714 1649 0
1774 1589 0
1774 1649 0
1774 1590 0
1774 1650 0
1834 1590 0
1834 1650 0
3274 1615 0
3274 1675 0
3334 1615 0
3334 1675 0
-27 1620 0
-27 1680 0
33 1620 0
33 1680 0
33 1621 0
33 1681 0
93 1621 0
93 1681 0
93 1622 0
93 1682 0
153 1622 0
153 1682 0
153 1623 0
153 1683 0
213 1623 0
213 1683 0
213 1624 0
213 1684 0
273 1624 0
273 1684 0
273 1625 0
273 1685 0
333 1625 0
333 1685 0
333 1626 0
333 1686 0
393 1626 0
393 1686 0
393 1627 0
393 1687 0
453 1627 0
453 1687 0
453 1628 0
453 1688 0
513 1628 0
513 1688 0
513 1629 0
513 1689 0
573 1629 0
573 1689 0
573 1630 0
573 1690 0
633 1630 0
633 1690 0
633 1631 0
633 1691 0
693 1631 0
693 1691 0
693 1632 0
693 1692 0
753 1632 0
753 1692 0
753 1633 0
753 1693 0
813 1633 0
813 1693 0
813 1634 0
813 1694 0
873 1634 0
873 1694 0
873 1635 0
873 1695 0
933 1635 0
933 1695 0
933 1636 0
933 1696 0
993 1636 0
993 1696 0
993 1637 0
993 1697 0
1053 1637 0
1053 1697 0
1053 1638 0
1053 1698 0
1113 1638 0
1113 1698 0
1113 1639 0
1113 1699 0
1173 1639 0
1173 1699 0
1173 1640 0
1173 1700 0
1233 1640 0
1233 1700 0
1233 1641 0
1233 1701 0
1293 1641 0
1293 1701 0
1293 1642 0
1293 1702 0
1353 1642 0
1353 1702 0
1353 1643 0
1353 1703 0
1413 1643 0
1413 1703 0
1413 1644 0
1413 1704 0
1473 1644 0
1473 1704 0
1473 1645 0
1473 1705 0
1533 1645 0
1533 1705 0
1533 1646 0
1533 1706 0
1593 1646 0
1593 1706 0
1653 1648 0
1653 1708 0
1713 1648 0
1713 1708 0
1713 1649 0
1713 1709 0
1773 1649 0
1773 1709 0
1773 1650 0
1773 1710 0
1833 1650 0
1833 1710 0
3333 1676 0
3333 1736 0
3393 1676 0
3393 1736 0
-28 1680 0
-28 1740 0
32 1680 0
32 1740 0
32 1681 0
32 1741 0
92 1681 0
92 1741 0
92 1682 0
92 1742 0
152 1682 0
152 1742 0
152 1683 0
152 1743 0
212 1683 0
212 1743 0
212 1684 0
212 1744 0
272 1684 0
272 1744 0
272 1685 0
272 1745 0
332 1685 0
332 1745 0
332 1686 0
332 1746 0
392 1686 0
392 1746 0
392 1687 0
392 1747 0
452 1687 0
452 1747 0
452 1688 0
452 1748 0
512 1688 0
512 1748 0
512 1689 0
512 1749 0
572 1689 0
572 1749 0
572 1690 0
572 1750 0
632 1690 0
632 1750 0
632 1691 0
632 1751 0
692 1691 0
692 1751 0
692 1692 0
692 1752 0
752 1692 0
752 1752 0
752 1693 0
752 1753 0
812 1693 0
812 1753 0
812 1694 0
812 1754 0
872 1694 0
872 1754 0
872 1695 0
872 1755 0
932 1695 0
932 1755 0
932 1696 0
932 1756 0
992 1696 0
992 1756 0
992 1697 0
992 1757 0
1052 1697 0
1052 1757 0
1052 1698 0
1052 1758 0
1112 1698 0
1112 1758 0
1112 1699 0
1112 1759 0
1172 1699 0
1172 1759 0
1172 1700 0
1172 1760 0
1232 1700 0
1232 1760 0
1232 1701 0
1232 1761 0
1292 1701 0
1292 1761 0
1292 1702 0
1292 1762 0
1352 1702 0
1352 1762 0
1352 1703 0
1352 1763 0
1412 1703 0
1412 1763 0
1412 1704 0
1412 1764 0
1472 1704 0
1472 1764 0
1472 1705 0
1472 1765 0
1532 1705 0
1532 1765 0
1532 1706 0
1532 1766 0
1592 1706 0
1592 1766 0
1592 1707 0
1592 1767 0
1652 1707 0
1652 1767 0
1712 1709 0
1712 1769 0
1772 1709 0
1772 1769 0
1772 1710 0
1772 1770 0
1832 1710 0
1832 1770 0
3392 1737 0
3392 1797 0
3452 1737 0
3452 1797 0
-29 1740 0
-29 1800 0
31 1740 0
31 1800 0
31 1741 0
31 1801 0
91 1741 0
91 1801 0
91 1742 0
91 1802 0
151 1742 0
151 1802 0
151 1743 0
151 1803 0
211 1743 0
211 1803 0
211 1744 0
211 1804 0
271 1744 0
271 1804 0
271 1745 0
271 1805 0
331 1745 0
331 1805 0
331 1746 0
331 1806 0
391 1746 0
391 1806 0
391 1747 0
391 1807 0
451 1747 0
451 1807 0
451 1748 0
451 1808 0
511 1748 0
511 1808 0
511 1749 0
511 1809 0
571 1749 0
571 1809 0
571 1750 0
571 1810 0
631 1750 0
631 1810 0
631 1751 0
631 1811 0
691 1751 0
691 1811 0
691 1752 0
691 1812 0
751 1752 0
751 1812 0
751 1753 0
751 1813 0
811 1753 0
811 1813 0
811 1754 0
811 1814 0
871 1754 0
871 1814 0
871 1755 0
871 1815 0
931 1755 0
931 1815 0
931 1756 0
931 1816 0
991 1756 0
991 1816 0
991 1757 0
991 1817 0
1051 1757 0
1051 1817 0
1051 1758 0
1051 1818 0
1111 1758 0
1111 1818 0
1111 1759 0
1111 1819 0
1171 1759 0
1171 1819 0
1171 1760 0
1171 1820 0
1231 1760 0
1231 1820 0
1231 1761 0
1231 1821 0
1291 1761 0
1291 1821 0
1291 1762 0
1291 1822 0
1351 1762 0
1351 1822 0
1351 1763 0
1351 1823 0
1411 1763 0
1411 1823 0
1411 1764 0
1411 1824 0
1471 1764 0
1471 1824 0
1471 1765 0
1471 1825 0
1531 1765 0
1531 1825 0
1531 1766 0
1531 1826 0
1591 1766 0
1591 1826 0
1591 1767 0
1591 1827 0
1651 1767 0
1651 1827 0
1651 1768 0
1651 1828 0
1711 1768 0
1711 1828 0
1771 1770 0
1771 1830 0
1831 1770 0
1831 1830 0
3451 1798 0
3451 1858 0
3511 1798 0
3511 1858 0
30 1801 0
30 1861 0
90 1801 0
90 1861 0
90 1802 0
90 1862 0
150 1802 0
150 1862 0
150 1803 0
150 1863 0
210 1803 0
210 1863 0
210 1804 0
210 1864 0
270 1804 0
270 1864 0
270 1805 0
270 1865 0
330 1805 0
330 1865 0
330 1806 0
330 1866 0
390 1806 0
390 1866 0
390 1807 0
390 1867 0
450 1807 0
450 1867 0
450 1808 0
450 1868 0
510 1808 0
510 1868 0
510 1809 0
510 1869 0
570 1809 0
570 1869 0
570 1810 0
570 1870 0
630 1810 0
630 1870 0
630 1811 0
630 1871 0
690 1811 0
690 1871 0
690 1812 0
690 1872 0
750 1812 0
750 1872 0
750 1813 0
750 1873 0
810 1813 0
810 1873 0
810 1814 0
810 1874 0
870 1814 0
870 1874 0
870 1815 0
870 1875 0
930 1815 0
930 1875 0
930 1816 0
930 1876 0
990 1816 0
990 1876 0
990 1817 0
990 1877 0
1050 1817 0
1050 1877 0
1050 1818 0
1050 1878 0
1110 1818 0
1110 1878 0
1110 1819 0
1110 1879 0
1170 1819 0
1170 1879 0
1170 1820 0
1170 1880 0
1230 1820 0
1230 1880 0
1230 1821 0
1230 1881 0
1290 1821 0
1290 1881 0
1290 1822 0
1290 1882 0
1350 1822 0
1350 1882 0
1350 1823 0
1350 1883 0
1410 1823 0
1410 1883 0
1410 1824 0
1410 1884 0
1470 1824 0
1470 1884 0
1470 1825 0
1470 1885 0
1530 1825 0
1530 1885 0
1530 1826 0
1530 1886 0
1590 1826 0
1590 1886 0
1590 1827 0
1590 1887 0
1650 1827 0
1650 1887 0
1650 1828 0
1650 1888 0
1710 1828 0
1710 1888 0
1710 1829 0
1710 1889 0
1770 1829 0
1770 1889 0
1830 1831 0
1830 1891 0
1890 1831 0
1890 1891 0
3510 1859 0
3510 1919 0
3570 1859 0
3570 1919 0
89 1862 0
89 1922 0
149 1862 0
149 1922 0
1769 1890 0
1769 1950 0
1829 1890 0
1829 1950 0
1889 1892 0
1889 1952 0
1949 1892 0
1949 1952 0
148 1923 0
148 1983 0
208 1923 0
208 1983 0
1828 1951 0
1828 2011 0
1888 1951 0
1888 2011 0
1948 1953 0
1948 2013 0
2008 1953 0
2008 2013 0
207 1984 0
207 2044 0
267 1984 0
267 2044 0
1887 2012 0
1887 2072 0
1947 2012 0
1947 2072 0
2007 2014 0
2007 2074 0
2067 2014 0
2067 2074 0
266 2045 0
266 2105 0
326 2045 0
326 2105 0
1946 2073 0
1946 2133 0
2006 2073 0
2006 2133 0
2066 2075 0
2066 2135 0
2126 2075 0
2126 2135 0
325 2106 0
325 2166 0
385 2106 0
385 2166 0
2005 2134 0
2005 2194 0
2065 2134 0
2065 2194 0
2125 2136 0
2125 2196 0
2185 2136 0
2185 2196 0
384 2167 0
384 2227 0
444 2167 0
444 2227 0
2064 2195 0
2064 2255 0
2124 2195 0
2124 2255 0
2184 2197 0
2184 2257 0
2244 2197 0
2244 2257 0
443 2228 0
443 2288 0
503 2228 0
503 2288 0
2123 2256 0
2123 2316 0
2183 2256 0
2183 2316 0
2243 2258 0
2243 2318 0
2303 2258 0
2303 2318 0
502 2289 0
502 2349 0
562 2289 0
562 2349 0
2182 2317 0
2182 2377 0
2242 2317 0
2242 2377 0
2302 2319 0
2302 2379 0
2362 2319 0
2362 2379 0
561 2350 0
561 2410 0
621 2350 0
621 2410 0
2241 2378 0
2241 2438 0
2301 2378 0
2301 2438 0
2361 2380 0
2361 2440 0
2421 2380 0
2421 2440 0
620 2411 0
620 2471 0
680 2411 0
680 2471 0
2300 2439 0
2300 2499 0
2360 2439 0
2360 2499 0
2420 2441 0
2420 2501 0
2480 2441 0
2480 2501 0
679 2472 0
679 2532 0
739 2472 0
739 2532 0
2359 2500 0
2359 2560 0
2419 2500 0
2419 2560 0
2479 2502 0
2479 2562 0
2539 2502 0
2539 2562 0
738 2533 0
738 2593 0
798 2533 0
798 2593 0
2418 2561 0
2418 2621 0
2478 2561 0
2478 2621 0
2538 2563 0
2538 2623 0
2598 2563 0
2598 2623 0
797 2594 0
797 2654 0
857 2594 0
857 2654 0
2477 2622 0
2477 2682 0
2537 2622 0
2537 2682 0
2597 2624 0
2597 2684 0
2657 2624 0
2657 2684 0
856 2655 0
856 2715 0
916 2655 0
916 2715 0
2536 2683 0
2536 2743 0
2596 2683 0
2596 2743 0
2656 2685 0
2656 2745 0
2716 2685 0
2716 2745 0
915 2716 0
915 2776 0
975 2716 0
975 2776 0
2595 2744 0
2595 2804 0
2655 2744 0
2655 2804 0
2715 2746 0
2715 2806 0
2775 2746 0
2775 2806 0
974 2777 0
974 2837 0
1034 2777 0
1034 2837 0
2654 2805 0
2654 2865 0
2714 2805 0
2714 2865 0
2774 2807 0
2774 2867 0
2834 2807 0
2834 2867 0
1033 2838 0
1033 2898 0
1093 2838 0
1093 2898 0
2713 2866 0
2713 2926 0
2773 2866 0
2773 2926 0
2833 2868 0
2833 2928 0
2893 2868 0
2893 2928 0
1092 2899 0
1092 2959 0
1152 2899 0
1152 2959 0
2772 2927 0
2772 2987 0
2832 2927 0
2832 2987 0
2892 2929 0
2892 2989 0
2952 2929 0
2952 2989 0
1151 2960 0
1151 3020 0
1211 2960 0
1211 3020 0
2831 2988 0
2831 3048 0
2891 2988 0
2891 3048 0
2951 2990 0
2951 3050 0
3011 2990 0
3011 3050 0
1210 3021 0
1210 3081 0
1270 3021 0
1270 3081 0
2890 3049 0
2890 3109 0
2950 3049 0
2950 3109 0
3010 3051 0
3010 3111 0
3070 3051 0
3070 3111 0
1269 3082 0
1269 3142 0
1329 3082 0
1329 3142 0
2949 3110 0
2949 3170 0
3009 3110 0
3009 3170 0
3069 3112 0
3069 3172 0
3129 3112 0
3129 3172 0
1328 3143 0
1328 3203 0
1388 3143 0
1388 3203 0
3008 3171 0
3008 3231 0
3068 3171 0
3068 3231 0
3128 3173 0
3128 3233 0
3188 3173 0
3188 3233 0
1387 3204 0
1387 3264 0
1447 3204 0
1447 3264 0
3067 3232 0
3067 3292 0
3127 3232 0
3127 3292 0
3187 3234 0
3187 3294 0
3247 3234 0
3247 3294 0
1446 3265 0
1446 3325 0
1506 3265 0
1506 3325 0
3126 3293 0
3126 3353 0
3186 3293 0
3186 3353 0
3246 3295 0
3246 3355 0
3306 3295 0
3306 3355 0
1505 3326 0
1505 3386 0
1565 3326 0
1565 3386 0
3185 3354 0
3185 3414 0
3245 3354 0
3245 3414 0
3305 3356 0
3305 3416 0
3365 3356 0
3365 3416 0
1564 3387 0
1564 3447 0
1624 3387 0
1624 3447 0
3244 3415 0
3244 3475 0
3304 3415 0
3304 3475 0
3364 3417 0
3364 3477 0
3424 3417 0
3424 3477 0
1623 3448 0
1623 3508 0
1683 3448 0
1683 3508 0
3303 3476 0
3303 3536 0
3363 3476 0
3363 3536 0
3423 3478 0
3423 3538 0
3483 3478 0
3483 3538 0
1682 3509 0
1682 3569 0
1742 3509 0
1742 3569 0
3362 3537 0
3362 3597 0
3422 3537 0
3422 3597 0
3482 3539 0
3482 3599 0
3542 3539 0
3542 3599 0
1741 3570 0
1741 3630 0
1801 3570 0
1801 3630 0
3421 3598 0
3421 3658 0
3481 3598 0
3481 3658 0
