c
c starts with comments 
c
p cnf 264 924
12 0
24 0
12 24 0
36 0
48 0
36 48 0
48 0
60 0
48 60 0
132 0
144 0
132 144 0
1 0
13 0
-1 13 0
25 0
37 0
23 37 0
61 0
73 0
59 73 0
73 0
85 0
71 85 0
14 0
26 0
10 26 0
38 0
50 0
34 50 0
86 0
98 0
82 98 0
98 0
110 0
94 110 0
3 0
15 0
-3 15 0
27 0
39 0
21 39 0
111 0
123 0
105 123 0
123 0
135 0
117 135 0
4 0
16 0
-4 16 0
64 0
76 0
56 76 0
88 0
100 0
80 100 0
100 0
112 0
92 112 0
17 0
29 0
7 29 0
53 0
65 0
43 65 0
113 0
125 0
103 125 0
125 0
137 0
115 137 0
18 0
30 0
6 30 0
90 0
102 0
78 102 0
114 0
126 0
102 126 0
126 0
138 0
114 138 0
31 0
43 0
17 43 0
55 0
67 0
41 67 0
79 0
91 0
65 91 0
139 0
151 0
125 151 0
32 0
44 0
16 44 0
56 0
68 0
40 68 0
116 0
128 0
100 128 0
140 0
152 0
124 152 0
45 0
57 0
27 57 0
69 0
81 0
51 81 0
81 0
93 0
63 93 0
105 0
117 0
87 117 0
46 0
58 0
26 58 0
70 0
82 0
50 82 0
82 0
94 0
62 94 0
142 0
154 0
122 154 0
11 0
23 0
-11 23 0
95 0
107 0
73 107 0
107 0
119 0
85 119 0
131 0
143 0
109 143 0
12 1 0
12 13 0
24 1 0
24 13 0
36 3 0
36 15 0
48 3 0
48 15 0
48 4 0
48 16 0
60 4 0
60 16 0
132 11 0
132 23 0
144 11 0
144 23 0
-1 12 0
-1 24 0
11 12 0
11 24 0
23 14 0
23 26 0
35 14 0
35 26 0
59 17 0
59 29 0
71 17 0
71 29 0
71 18 0
71 30 0
83 18 0
83 30 0
10 25 0
10 37 0
22 25 0
22 37 0
34 27 0
34 39 0
46 27 0
46 39 0
82 31 0
82 43 0
94 31 0
94 43 0
94 32 0
94 44 0
106 32 0
106 44 0
-3 36 0
-3 48 0
9 36 0
9 48 0
21 38 0
21 50 0
33 38 0
33 50 0
105 45 0
105 57 0
117 45 0
117 57 0
117 46 0
117 58 0
129 46 0
129 58 0
-4 48 0
-4 60 0
8 48 0
8 60 0
56 53 0
56 65 0
68 53 0
68 65 0
80 55 0
80 67 0
92 55 0
92 67 0
92 56 0
92 68 0
104 56 0
104 68 0
7 61 0
7 73 0
19 61 0
19 73 0
43 64 0
43 76 0
55 64 0
55 76 0
103 69 0
103 81 0
115 69 0
115 81 0
115 70 0
115 82 0
127 70 0
127 82 0
6 73 0
6 85 0
18 73 0
18 85 0
78 79 0
78 91 0
90 79 0
90 91 0
102 81 0
102 93 0
114 81 0
114 93 0
114 82 0
114 94 0
126 82 0
126 94 0
17 86 0
17 98 0
29 86 0
29 98 0
41 88 0
41 100 0
53 88 0
53 100 0
65 90 0
65 102 0
77 90 0
77 102 0
125 95 0
125 107 0
137 95 0
137 107 0
16 98 0
16 110 0
28 98 0
28 110 0
40 100 0
40 112 0
52 100 0
52 112 0
100 105 0
100 117 0
112 105 0
112 117 0
124 107 0
124 119 0
136 107 0
136 119 0
27 111 0
27 123 0
39 111 0
39 123 0
51 113 0
51 125 0
63 113 0
63 125 0
63 114 0
63 126 0
75 114 0
75 126 0
87 116 0
87 128 0
99 116 0
99 128 0
26 123 0
26 135 0
38 123 0
38 135 0
50 125 0
50 137 0
62 125 0
62 137 0
62 126 0
62 138 0
74 126 0
74 138 0
122 131 0
122 143 0
134 131 0
134 143 0
-11 132 0
-11 144 0
1 132 0
1 144 0
73 139 0
73 151 0
85 139 0
85 151 0
85 140 0
85 152 0
97 140 0
97 152 0
109 142 0
109 154 0
121 142 0
121 154 0
